segment_id_beg,segment_id_end,longitude,latitude,h_te_best_fit,h_te_uncertainty,h_canopy,h_canopy_uncertainty,track_id,beam,file_name
1899043,1899047,48.889896392822266,-19.476001739501953,-2.3321936,0.013207691,5.0099883,0.01954675,943,gt3r,processed_ATL08_20181129100805_09430114_004_01.h5
1899048,1899052,48.88981246948242,-19.475099563598633,-2.2792063,0.014174777,5.5537915,0.020590609,943,gt3r,processed_ATL08_20181129100805_09430114_004_01.h5
1899053,1899057,48.88972473144531,-19.474199295043945,-2.214049,0.012487874,5.573208,0.01904871,943,gt3r,processed_ATL08_20181129100805_09430114_004_01.h5
1899058,1899062,48.88963317871094,-19.473299026489258,-2.085582,0.0086659,5.3594656,0.013399427,943,gt3r,processed_ATL08_20181129100805_09430114_004_01.h5
1899063,1899067,48.88954162597656,-19.47239875793457,-2.068681,0.010789493,,,943,gt3r,processed_ATL08_20181129100805_09430114_004_01.h5
1899068,1899072,48.88945770263672,-19.471498489379883,-1.9412154,0.011451903,,,943,gt3r,processed_ATL08_20181129100805_09430114_004_01.h5
1899073,1899077,48.88936996459961,-19.470598220825195,-1.9077382,0.013695423,,,943,gt3r,processed_ATL08_20181129100805_09430114_004_01.h5
1899078,1899082,48.8892822265625,-19.469697952270508,-1.612991,0.010862138,6.103751,0.02237376,943,gt3r,processed_ATL08_20181129100805_09430114_004_01.h5
1899083,1899087,48.88919448852539,-19.468795776367188,-1.7056792,0.011154302,5.33384,0.022377871,943,gt3r,processed_ATL08_20181129100805_09430114_004_01.h5
1899088,1899092,48.889102935791016,-19.4678955078125,-1.1907026,0.022323864,7.399813,0.04992888,943,gt3r,processed_ATL08_20181129100805_09430114_004_01.h5
1899093,1899097,48.88901138305664,-19.466995239257812,2.2645123,0.04418842,7.0157804,0.06063265,943,gt3r,processed_ATL08_20181129100805_09430114_004_01.h5
1899098,1899102,48.88892364501953,-19.466094970703125,4.622332,0.11372222,4.994785,0.0746267,943,gt3r,processed_ATL08_20181129100805_09430114_004_01.h5
1899103,1899107,48.88883590698242,-19.465194702148438,6.5860868,0.26747322,12.325084,0.16575406,943,gt3r,processed_ATL08_20181129100805_09430114_004_01.h5
1899108,1899112,48.88874816894531,-19.46429443359375,-0.2635857,0.03513068,11.4880295,0.08517328,943,gt3r,processed_ATL08_20181129100805_09430114_004_01.h5
1899113,1899117,48.8886604309082,-19.463394165039062,5.92423,0.045848258,10.007769,0.09474293,943,gt3r,processed_ATL08_20181129100805_09430114_004_01.h5
1899118,1899122,48.88857650756836,-19.462493896484375,0.6449677,0.029164253,10.139487,0.062371794,943,gt3r,processed_ATL08_20181129100805_09430114_004_01.h5
1899123,1899127,48.888484954833984,-19.461593627929688,4.1582456,0.07679486,10.10521,0.123622924,943,gt3r,processed_ATL08_20181129100805_09430114_004_01.h5
1899128,1899132,48.888389587402344,-19.460693359375,8.418879,0.17696466,9.365375,0.122515306,943,gt3r,processed_ATL08_20181129100805_09430114_004_01.h5
1899133,1899137,48.88829803466797,-19.459793090820312,3.2225502,0.108082615,9.059036,0.0828102,943,gt3r,processed_ATL08_20181129100805_09430114_004_01.h5
1899138,1899142,48.888214111328125,-19.458892822265625,-0.117143236,0.0015257364,,,943,gt3r,processed_ATL08_20181129100805_09430114_004_01.h5
1899143,1899147,48.888126373291016,-19.457990646362305,0.06545314,0.006296218,11.029278,0.056194313,943,gt3r,processed_ATL08_20181129100805_09430114_004_01.h5
1899148,1899152,48.88803482055664,-19.45709228515625,11.619968,0.7009683,8.919067,0.20345612,943,gt3r,processed_ATL08_20181129100805_09430114_004_01.h5
1899153,1899157,48.887943267822266,-19.45619010925293,15.2309885,0.7895208,8.852011,0.31935275,943,gt3r,processed_ATL08_20181129100805_09430114_004_01.h5
1899158,1899162,48.887855529785156,-19.455289840698242,15.099961,0.24191496,4.0803595,0.19910365,943,gt3r,processed_ATL08_20181129100805_09430114_004_01.h5
1899163,1899167,48.88776779174805,-19.454389572143555,-0.06849264,0.0035176084,7.7396235,0.025158338,943,gt3r,processed_ATL08_20181129100805_09430114_004_01.h5
1899168,1899172,48.88767623901367,-19.453489303588867,0.92574215,0.047447953,9.268087,0.077183574,943,gt3r,processed_ATL08_20181129100805_09430114_004_01.h5
1899173,1899177,48.88758087158203,-19.45258903503418,15.302232,0.5062617,12.669512,0.47223356,943,gt3r,processed_ATL08_20181129100805_09430114_004_01.h5
1899178,1899182,48.887489318847656,-19.451690673828125,13.257527,0.4845827,14.592982,0.45429647,943,gt3r,processed_ATL08_20181129100805_09430114_004_01.h5
1899183,1899187,48.88739776611328,-19.450790405273438,16.161463,,14.543364,,943,gt3r,processed_ATL08_20181129100805_09430114_004_01.h5
1899188,1899192,48.88731384277344,-19.449888229370117,15.328993,0.4730485,9.040583,0.36234087,943,gt3r,processed_ATL08_20181129100805_09430114_004_01.h5
1899193,1899197,48.88722229003906,-19.44898796081543,16.967817,0.2933068,13.068923,0.3285405,943,gt3r,processed_ATL08_20181129100805_09430114_004_01.h5
1899198,1899202,48.88713073730469,-19.448087692260742,3.8197906,0.0552473,11.370001,0.16492522,943,gt3r,processed_ATL08_20181129100805_09430114_004_01.h5
1899203,1899207,48.88703918457031,-19.447187423706055,6.4721994,0.07269917,9.022505,0.13514501,943,gt3r,processed_ATL08_20181129100805_09430114_004_01.h5
1899208,1899212,48.88694763183594,-19.446287155151367,10.997501,0.1063759,6.656267,0.13999031,943,gt3r,processed_ATL08_20181129100805_09430114_004_01.h5
1899213,1899217,48.88685607910156,-19.44538688659668,9.737824,0.23307145,6.0401793,0.09327173,943,gt3r,processed_ATL08_20181129100805_09430114_004_01.h5
1899218,1899222,48.88676452636719,-19.444486618041992,3.533613,,9.800524,,943,gt3r,processed_ATL08_20181129100805_09430114_004_01.h5
1899223,1899227,48.88667297363281,-19.443586349487305,-3.4154296,0.03368628,11.154781,0.044574525,943,gt3r,processed_ATL08_20181129100805_09430114_004_01.h5
1899228,1899232,48.8865852355957,-19.442686080932617,-4.3012986,0.014914747,4.7024155,0.014986454,943,gt3r,processed_ATL08_20181129100805_09430114_004_01.h5
1899233,1899237,48.88649368286133,-19.44178581237793,-4.329402,0.013790442,,,943,gt3r,processed_ATL08_20181129100805_09430114_004_01.h5
1899238,1899242,48.88640213012695,-19.440885543823242,-4.604839,0.023979198,6.651001,0.027991973,943,gt3r,processed_ATL08_20181129100805_09430114_004_01.h5
1899243,1899247,48.88630676269531,-19.439987182617188,-0.6310375,0.047613088,12.200855,0.073314235,943,gt3r,processed_ATL08_20181129100805_09430114_004_01.h5
1899248,1899252,48.88621520996094,-19.4390869140625,1.3056014,0.009501881,10.65774,0.078365535,943,gt3r,processed_ATL08_20181129100805_09430114_004_01.h5
1899253,1899257,48.88612747192383,-19.438186645507812,1.9425045,0.09072425,8.6705885,0.084825315,943,gt3r,processed_ATL08_20181129100805_09430114_004_01.h5
1899258,1899262,48.88603210449219,-19.437286376953125,0.91092855,0.010473069,11.730371,0.09765583,943,gt3r,processed_ATL08_20181129100805_09430114_004_01.h5
1899263,1899267,48.88594055175781,-19.436386108398438,2.0576813,0.026051644,11.272204,0.072376855,943,gt3r,processed_ATL08_20181129100805_09430114_004_01.h5
1899268,1899272,48.88584518432617,-19.43548583984375,25.482862,0.22140953,9.028717,0.17669998,943,gt3r,processed_ATL08_20181129100805_09430114_004_01.h5
1899273,1899277,48.88574981689453,-19.434585571289062,28.641273,0.2508907,9.354597,0.21538009,943,gt3r,processed_ATL08_20181129100805_09430114_004_01.h5
1899278,1899282,48.885658264160156,-19.433685302734375,26.879839,0.6243924,11.456272,0.49856493,943,gt3r,processed_ATL08_20181129100805_09430114_004_01.h5
1899283,1899287,48.88556671142578,-19.43278694152832,13.843773,0.38189015,11.001009,0.49313283,943,gt3r,processed_ATL08_20181129100805_09430114_004_01.h5
1899288,1899292,48.88547134399414,-19.431884765625,25.928246,1.867826,11.180117,0.5252207,943,gt3r,processed_ATL08_20181129100805_09430114_004_01.h5
1899293,1899297,48.8853759765625,-19.430986404418945,38.54699,,7.003868,,943,gt3r,processed_ATL08_20181129100805_09430114_004_01.h5
1899298,1899302,48.885284423828125,-19.430086135864258,35.485355,1.3254931,6.4321747,1.355928,943,gt3r,processed_ATL08_20181129100805_09430114_004_01.h5
1899303,1899307,48.88519287109375,-19.42918586730957,31.614538,0.7978974,6.069603,0.5925459,943,gt3r,processed_ATL08_20181129100805_09430114_004_01.h5
1899308,1899312,48.885093688964844,-19.428285598754883,30.042265,0.65037537,6.5804596,0.4442684,943,gt3r,processed_ATL08_20181129100805_09430114_004_01.h5
1899313,1899317,48.8849983215332,-19.427385330200195,38.810005,2.0295548,4.8868294,0.30802774,943,gt3r,processed_ATL08_20181129100805_09430114_004_01.h5
1899318,1899322,48.88490676879883,-19.42648696899414,39.572956,0.832159,5.134701,0.29023856,943,gt3r,processed_ATL08_20181129100805_09430114_004_01.h5
1899323,1899327,48.88481140136719,-19.425586700439453,31.90016,1.6900289,11.22147,0.39503095,943,gt3r,processed_ATL08_20181129100805_09430114_004_01.h5
1899328,1899332,48.88471984863281,-19.424686431884766,31.67083,0.5420134,10.921755,0.34725687,943,gt3r,processed_ATL08_20181129100805_09430114_004_01.h5
1899333,1899337,48.88462448120117,-19.423786163330078,26.525341,0.6121458,9.940688,0.3357609,943,gt3r,processed_ATL08_20181129100805_09430114_004_01.h5
1899338,1899342,48.88452911376953,-19.42288589477539,11.604046,0.5610764,11.885404,0.30725455,943,gt3r,processed_ATL08_20181129100805_09430114_004_01.h5
1899343,1899347,48.88443374633789,-19.421985626220703,11.394197,,5.203026,,943,gt3r,processed_ATL08_20181129100805_09430114_004_01.h5
1899348,1899352,48.88433837890625,-19.42108726501465,2.706654,0.0089795785,12.998777,0.03519346,943,gt3r,processed_ATL08_20181129100805_09430114_004_01.h5
1899353,1899357,48.884239196777344,-19.42018699645996,8.956547,,24.95956,,943,gt3r,processed_ATL08_20181129100805_09430114_004_01.h5
1899358,1899362,48.88414764404297,-19.419286727905273,3.8129578,0.059897885,17.00776,0.21705072,943,gt3r,processed_ATL08_20181129100805_09430114_004_01.h5
1899363,1899367,48.88405227661133,-19.418386459350586,8.734033,,14.525572,,943,gt3r,processed_ATL08_20181129100805_09430114_004_01.h5
1899368,1899372,48.88395309448242,-19.41748809814453,23.399502,0.96100974,14.034294,0.38516834,943,gt3r,processed_ATL08_20181129100805_09430114_004_01.h5
1899373,1899377,48.88386154174805,-19.416587829589844,13.4135475,0.66891474,12.932516,0.9288391,943,gt3r,processed_ATL08_20181129100805_09430114_004_01.h5
1899378,1899382,48.883766174316406,-19.415687561035156,10.759645,0.43832114,20.637321,0.425293,943,gt3r,processed_ATL08_20181129100805_09430114_004_01.h5
1899383,1899387,48.8836669921875,-19.41478729248047,16.62534,0.26333687,13.915424,0.3658685,943,gt3r,processed_ATL08_20181129100805_09430114_004_01.h5
1899388,1899392,48.883567810058594,-19.413888931274414,30.563433,,13.602562,,943,gt3r,processed_ATL08_20181129100805_09430114_004_01.h5
1899393,1899397,48.88347625732422,-19.412988662719727,8.573235,0.2467518,11.767994,0.31924775,943,gt3r,processed_ATL08_20181129100805_09430114_004_01.h5
1899398,1899402,48.88337707519531,-19.41208839416504,13.160718,,13.111937,,943,gt3r,processed_ATL08_20181129100805_09430114_004_01.h5
1899403,1899407,48.88327407836914,-19.411190032958984,12.109442,0.45572305,11.692814,0.17289,943,gt3r,processed_ATL08_20181129100805_09430114_004_01.h5
1899408,1899412,48.883182525634766,-19.410289764404297,12.118242,0.11885641,11.864514,0.15518121,943,gt3r,processed_ATL08_20181129100805_09430114_004_01.h5
1899413,1899417,48.883087158203125,-19.40938949584961,16.097794,0.32168725,7.891409,0.18257815,943,gt3r,processed_ATL08_20181129100805_09430114_004_01.h5
1899418,1899422,48.88298797607422,-19.408491134643555,28.723555,0.94099456,4.292532,0.30099174,943,gt3r,processed_ATL08_20181129100805_09430114_004_01.h5
1899423,1899427,48.88289260864258,-19.407590866088867,25.37608,1.559702,6.1599445,0.34028924,943,gt3r,processed_ATL08_20181129100805_09430114_004_01.h5
1899428,1899432,48.88279342651367,-19.40669059753418,10.1621,0.20944886,13.335663,0.18126929,943,gt3r,processed_ATL08_20181129100805_09430114_004_01.h5
1899433,1899437,48.882694244384766,-19.405792236328125,15.000101,0.80499184,11.747503,0.4432164,943,gt3r,processed_ATL08_20181129100805_09430114_004_01.h5
1899438,1899442,48.882598876953125,-19.404891967773438,20.489872,0.27027407,7.0129213,0.36126202,943,gt3r,processed_ATL08_20181129100805_09430114_004_01.h5
1899443,1899447,48.88249969482422,-19.40399169921875,7.7475133,0.060819957,8.327449,0.088585496,943,gt3r,processed_ATL08_20181129100805_09430114_004_01.h5
1899448,1899452,48.88240051269531,-19.403093338012695,19.345678,,10.187464,,943,gt3r,processed_ATL08_20181129100805_09430114_004_01.h5
1899453,1899457,48.882301330566406,-19.402193069458008,12.175358,0.29649717,12.428435,0.23483193,943,gt3r,processed_ATL08_20181129100805_09430114_004_01.h5
1899458,1899462,48.882198333740234,-19.401294708251953,14.923768,0.50043464,12.012825,0.20309748,943,gt3r,processed_ATL08_20181129100805_09430114_004_01.h5
1899463,1899467,48.88210678100586,-19.400394439697266,4.2951956,0.13287444,12.184292,0.20917399,943,gt3r,processed_ATL08_20181129100805_09430114_004_01.h5
1899468,1899472,48.88201141357422,-19.399494171142578,9.12999,0.30431393,8.08705,0.25237235,943,gt3r,processed_ATL08_20181129100805_09430114_004_01.h5
1899473,1899477,48.88190841674805,-19.39859390258789,8.168018,0.07744149,10.078415,0.1351747,943,gt3r,processed_ATL08_20181129100805_09430114_004_01.h5
1899478,1899482,48.881805419921875,-19.397695541381836,5.618338,0.018434592,10.657621,0.046167832,943,gt3r,processed_ATL08_20181129100805_09430114_004_01.h5
1899483,1899487,48.881710052490234,-19.39679527282715,12.459882,0.54371065,12.161841,0.26757476,943,gt3r,processed_ATL08_20181129100805_09430114_004_01.h5
1899488,1899492,48.88161087036133,-19.395896911621094,7.4359255,0.39444908,12.460101,0.22783546,943,gt3r,processed_ATL08_20181129100805_09430114_004_01.h5
1899493,1899497,48.88150405883789,-19.394996643066406,19.373459,0.5722092,9.28647,0.26483306,943,gt3r,processed_ATL08_20181129100805_09430114_004_01.h5
1899498,1899502,48.88140869140625,-19.39409828186035,23.268335,0.8744373,12.920128,0.50668466,943,gt3r,processed_ATL08_20181129100805_09430114_004_01.h5
1899503,1899507,48.881309509277344,-19.393198013305664,18.057512,1.0143121,12.4116745,0.5896824,943,gt3r,processed_ATL08_20181129100805_09430114_004_01.h5
1899508,1899512,48.88121032714844,-19.39229965209961,21.232227,0.5884363,10.826237,0.41530234,943,gt3r,processed_ATL08_20181129100805_09430114_004_01.h5
1899513,1899517,48.88111114501953,-19.391399383544922,20.489815,0.2962412,8.825966,0.32922718,943,gt3r,processed_ATL08_20181129100805_09430114_004_01.h5
1899518,1899522,48.881011962890625,-19.390499114990234,13.69673,0.047109973,11.988771,0.08267921,943,gt3r,processed_ATL08_20181129100805_09430114_004_01.h5
1899523,1899527,48.88090515136719,-19.38960075378418,37.474163,0.42639098,9.456532,0.49109885,943,gt3r,processed_ATL08_20181129100805_09430114_004_01.h5
1899528,1899532,48.88080978393555,-19.388700485229492,33.661495,0.5539432,5.4801426,0.4985773,943,gt3r,processed_ATL08_20181129100805_09430114_004_01.h5
1899533,1899537,48.88071060180664,-19.387802124023438,18.825047,0.15183882,9.019075,0.15005903,943,gt3r,processed_ATL08_20181129100805_09430114_004_01.h5
1899538,1899542,48.880611419677734,-19.38690185546875,27.305351,,7.174076,,943,gt3r,processed_ATL08_20181129100805_09430114_004_01.h5
1899543,1899547,48.88050842285156,-19.386003494262695,45.33438,,12.049805,,943,gt3r,processed_ATL08_20181129100805_09430114_004_01.h5
1899548,1899552,48.880409240722656,-19.385103225708008,41.58847,0.62311846,10.2944565,0.6703067,943,gt3r,processed_ATL08_20181129100805_09430114_004_01.h5
1899553,1899557,48.880306243896484,-19.384204864501953,54.322166,1.64893,4.8494034,0.8388983,943,gt3r,processed_ATL08_20181129100805_09430114_004_01.h5
1899558,1899562,48.88020324707031,-19.383304595947266,57.82835,1.3816035,10.578537,0.83422077,943,gt3r,processed_ATL08_20181129100805_09430114_004_01.h5
1899563,1899567,48.880104064941406,-19.38240623474121,33.974762,0.88476384,14.697945,1.1080996,943,gt3r,processed_ATL08_20181129100805_09430114_004_01.h5
1899568,1899572,48.880001068115234,-19.381507873535156,26.294888,0.2643987,16.240387,0.3785684,943,gt3r,processed_ATL08_20181129100805_09430114_004_01.h5
1899573,1899577,48.87989807128906,-19.38060760498047,33.74904,1.1980529,11.731707,0.63063705,943,gt3r,processed_ATL08_20181129100805_09430114_004_01.h5
1899578,1899582,48.87980270385742,-19.37970733642578,47.525337,,8.582127,,943,gt3r,processed_ATL08_20181129100805_09430114_004_01.h5
1899583,1899587,48.879703521728516,-19.378808975219727,37.891354,2.1531634,10.004391,0.68101496,943,gt3r,processed_ATL08_20181129100805_09430114_004_01.h5
1899588,1899592,48.879600524902344,-19.37790870666504,36.23245,2.4033258,11.300667,0.44122538,943,gt3r,processed_ATL08_20181129100805_09430114_004_01.h5
1899593,1899597,48.8795051574707,-19.377010345458984,27.757069,,12.953421,,943,gt3r,processed_ATL08_20181129100805_09430114_004_01.h5
1899598,1899602,48.87940216064453,-19.376110076904297,26.770891,0.21156129,8.673883,0.2689678,943,gt3r,processed_ATL08_20181129100805_09430114_004_01.h5
1899603,1899607,48.87929916381836,-19.375211715698242,29.230896,1.4059793,8.874178,0.22057147,943,gt3r,processed_ATL08_20181129100805_09430114_004_01.h5
1899608,1899612,48.87919616699219,-19.374311447143555,22.069971,0.12262833,8.902815,0.16453283,943,gt3r,processed_ATL08_20181129100805_09430114_004_01.h5
1899613,1899617,48.87910079956055,-19.3734130859375,21.629477,0.12326156,8.213234,0.14880107,943,gt3r,processed_ATL08_20181129100805_09430114_004_01.h5
1899618,1899622,48.878997802734375,-19.372512817382812,28.346098,,12.419207,,943,gt3r,processed_ATL08_20181129100805_09430114_004_01.h5
1899623,1899627,48.8788948059082,-19.371614456176758,26.247385,0.40804785,14.482609,0.5606745,943,gt3r,processed_ATL08_20181129100805_09430114_004_01.h5
1899628,1899632,48.87879180908203,-19.37071418762207,26.91588,1.1279622,14.35033,0.4113871,943,gt3r,processed_ATL08_20181129100805_09430114_004_01.h5
1899633,1899637,48.878692626953125,-19.369815826416016,33.564865,1.301155,10.016266,0.8419402,943,gt3r,processed_ATL08_20181129100805_09430114_004_01.h5
1899638,1899642,48.87859344482422,-19.368915557861328,34.442234,2.539831,11.20937,0.7303586,943,gt3r,processed_ATL08_20181129100805_09430114_004_01.h5
1899643,1899647,48.87849426269531,-19.36801528930664,25.954105,0.47441846,12.131136,0.41313267,943,gt3r,processed_ATL08_20181129100805_09430114_004_01.h5
1899648,1899652,48.878395080566406,-19.367116928100586,26.863165,0.39636594,12.323938,0.3504058,943,gt3r,processed_ATL08_20181129100805_09430114_004_01.h5
1899653,1899657,48.87828826904297,-19.36621856689453,36.972878,,11.443954,,943,gt3r,processed_ATL08_20181129100805_09430114_004_01.h5
1899658,1899662,48.8781852722168,-19.365318298339844,39.34519,0.75899154,8.513016,0.78268474,943,gt3r,processed_ATL08_20181129100805_09430114_004_01.h5
1899663,1899667,48.87808609008789,-19.36441993713379,43.050026,0.559326,7.9385414,0.5094232,943,gt3r,processed_ATL08_20181129100805_09430114_004_01.h5
1899668,1899672,48.87798309326172,-19.3635196685791,38.74326,0.43702376,8.657162,0.42946425,943,gt3r,processed_ATL08_20181129100805_09430114_004_01.h5
1899673,1899677,48.87788009643555,-19.362621307373047,41.45257,1.6410271,8.440506,0.41419223,943,gt3r,processed_ATL08_20181129100805_09430114_004_01.h5
1899678,1899682,48.87778854370117,-19.36172103881836,32.4195,0.8089271,12.553616,0.6750213,943,gt3r,processed_ATL08_20181129100805_09430114_004_01.h5
1899683,1899687,48.877689361572266,-19.360820770263672,31.250925,,11.62532,,943,gt3r,processed_ATL08_20181129100805_09430114_004_01.h5
1899688,1899692,48.877586364746094,-19.359922409057617,28.065289,0.096081294,11.314764,0.14860918,943,gt3r,processed_ATL08_20181129100805_09430114_004_01.h5
1899693,1899697,48.87748718261719,-19.35902214050293,41.627213,1.4881483,7.4026527,0.7009147,943,gt3r,processed_ATL08_20181129100805_09430114_004_01.h5
1899698,1899702,48.877384185791016,-19.358123779296875,39.55325,,6.8321457,,943,gt3r,processed_ATL08_20181129100805_09430114_004_01.h5
1899703,1899707,48.87728500366211,-19.357223510742188,37.380642,,11.304981,,943,gt3r,processed_ATL08_20181129100805_09430114_004_01.h5
1899708,1899712,48.8771858215332,-19.356325149536133,38.47285,,10.449722,,943,gt3r,processed_ATL08_20181129100805_09430114_004_01.h5
1899713,1899717,48.8770866394043,-19.355424880981445,43.732124,0.78918487,7.062805,0.5067337,943,gt3r,processed_ATL08_20181129100805_09430114_004_01.h5
1899718,1899722,48.87698745727539,-19.35452651977539,54.080982,1.2917889,5.928486,0.6833258,943,gt3r,processed_ATL08_20181129100805_09430114_004_01.h5
1899723,1899727,48.876888275146484,-19.353626251220703,69.67417,2.1441581,8.40789,1.5055639,943,gt3r,processed_ATL08_20181129100805_09430114_004_01.h5
1899728,1899732,48.87678146362305,-19.35272789001465,79.33403,4.5602455,9.327377,1.2609954,943,gt3r,processed_ATL08_20181129100805_09430114_004_01.h5
1899733,1899737,48.876686096191406,-19.35182762145996,74.283226,1.6603583,7.1845627,1.1772877,943,gt3r,processed_ATL08_20181129100805_09430114_004_01.h5
1899738,1899742,48.8765869140625,-19.350927352905273,56.09098,0.22134516,6.920082,0.30249727,943,gt3r,processed_ATL08_20181129100805_09430114_004_01.h5
1899743,1899747,48.87648391723633,-19.35002899169922,53.0825,,16.864109,,943,gt3r,processed_ATL08_20181129100805_09430114_004_01.h5
1899748,1899752,48.87638854980469,-19.34912872314453,47.32035,1.3781035,17.376942,1.1683315,943,gt3r,processed_ATL08_20181129100805_09430114_004_01.h5
1899753,1899757,48.87628936767578,-19.348230361938477,60.047108,,13.053234,,943,gt3r,processed_ATL08_20181129100805_09430114_004_01.h5
1899758,1899762,48.87619400024414,-19.34733009338379,49.439804,,13.719925,,943,gt3r,processed_ATL08_20181129100805_09430114_004_01.h5
1899763,1899767,48.8760986328125,-19.3464298248291,37.717224,1.1563361,12.629398,0.8319584,943,gt3r,processed_ATL08_20181129100805_09430114_004_01.h5
1899768,1899772,48.875999450683594,-19.345531463623047,48.67014,,11.309326,,943,gt3r,processed_ATL08_20181129100805_09430114_004_01.h5
1899773,1899777,48.875892639160156,-19.34463119506836,68.804054,,13.796608,,943,gt3r,processed_ATL08_20181129100805_09430114_004_01.h5
1899778,1899782,48.87579345703125,-19.343732833862305,76.97782,1.4773049,8.241951,1.8169492,943,gt3r,processed_ATL08_20181129100805_09430114_004_01.h5
1899783,1899787,48.875694274902344,-19.342832565307617,77.82823,1.278949,11.274414,1.2851002,943,gt3r,processed_ATL08_20181129100805_09430114_004_01.h5
1899788,1899792,48.8755989074707,-19.34193229675293,69.25435,0.86147624,11.61203,1.0266423,943,gt3r,processed_ATL08_20181129100805_09430114_004_01.h5
1899793,1899797,48.8754997253418,-19.341033935546875,68.028824,1.9207135,8.689697,1.1752031,943,gt3r,processed_ATL08_20181129100805_09430114_004_01.h5
1899798,1899802,48.875396728515625,-19.340133666992188,63.666965,1.0843022,7.3485794,1.0746127,943,gt3r,processed_ATL08_20181129100805_09430114_004_01.h5
1899803,1899807,48.875301361083984,-19.3392333984375,57.28691,0.6042101,5.607525,0.632352,943,gt3r,processed_ATL08_20181129100805_09430114_004_01.h5
1899808,1899812,48.875205993652344,-19.338335037231445,47.10892,1.3449163,12.15543,1.069158,943,gt3r,processed_ATL08_20181129100805_09430114_004_01.h5
1899813,1899817,48.87510299682617,-19.337434768676758,34.270874,1.2601821,16.675148,0.93023664,943,gt3r,processed_ATL08_20181129100805_09430114_004_01.h5
1899818,1899822,48.87501525878906,-19.33653450012207,19.158,0.114742704,12.577938,0.21854676,943,gt3r,processed_ATL08_20181129100805_09430114_004_01.h5
1899823,1899827,48.87492370605469,-19.335634231567383,15.095566,0.055848252,5.942584,0.094258964,943,gt3r,processed_ATL08_20181129100805_09430114_004_01.h5
1899828,1899832,48.87482452392578,-19.334735870361328,14.900672,0.06701823,6.859807,0.101108044,943,gt3r,processed_ATL08_20181129100805_09430114_004_01.h5
1899833,1899837,48.874725341796875,-19.33383560180664,12.679486,0.07025343,6.882538,0.093469135,943,gt3r,processed_ATL08_20181129100805_09430114_004_01.h5
1899838,1899842,48.874629974365234,-19.332935333251953,16.648006,1.4774083,14.1548195,0.3445642,943,gt3r,processed_ATL08_20181129100805_09430114_004_01.h5
1899843,1899847,48.87453079223633,-19.3320369720459,9.874842,0.04332829,19.112488,0.10756114,943,gt3r,processed_ATL08_20181129100805_09430114_004_01.h5
1899848,1899852,48.874427795410156,-19.33113670349121,11.099706,,23.599945,,943,gt3r,processed_ATL08_20181129100805_09430114_004_01.h5
1899853,1899857,48.87433624267578,-19.330236434936523,7.431845,0.113021396,16.931229,0.18408139,943,gt3r,processed_ATL08_20181129100805_09430114_004_01.h5
1899858,1899862,48.87424087524414,-19.329336166381836,10.903604,0.028167438,14.138002,0.07678202,943,gt3r,processed_ATL08_20181129100805_09430114_004_01.h5
1899863,1899867,48.8741455078125,-19.32843780517578,8.717958,0.18623397,15.120966,0.23465924,943,gt3r,processed_ATL08_20181129100805_09430114_004_01.h5
1899868,1899872,48.87405014038086,-19.327537536621094,16.06047,,15.074062,,943,gt3r,processed_ATL08_20181129100805_09430114_004_01.h5
1899873,1899877,48.87395477294922,-19.326637268066406,13.430648,,15.943043,,943,gt3r,processed_ATL08_20181129100805_09430114_004_01.h5
1899878,1899882,48.87385940551758,-19.32573699951172,7.9073763,0.13883059,12.651398,0.19052215,943,gt3r,processed_ATL08_20181129100805_09430114_004_01.h5
1899883,1899887,48.87376403808594,-19.324838638305664,15.070078,0.8044143,10.415111,0.3716261,943,gt3r,processed_ATL08_20181129100805_09430114_004_01.h5
1899888,1899892,48.87366485595703,-19.323938369750977,20.820974,,13.266041,,943,gt3r,processed_ATL08_20181129100805_09430114_004_01.h5
1899893,1899897,48.873573303222656,-19.32303810119629,19.72123,0.61875165,8.62705,0.24894416,943,gt3r,processed_ATL08_20181129100805_09430114_004_01.h5
1899898,1899902,48.87348175048828,-19.3221378326416,5.5012684,0.046785917,7.606062,0.07017254,943,gt3r,processed_ATL08_20181129100805_09430114_004_01.h5
1899903,1899907,48.87338638305664,-19.321237564086914,11.482102,0.39402452,9.994064,0.17945313,943,gt3r,processed_ATL08_20181129100805_09430114_004_01.h5
1899908,1899912,48.873291015625,-19.320337295532227,5.4727983,0.1666431,11.567009,0.14808396,943,gt3r,processed_ATL08_20181129100805_09430114_004_01.h5
1899913,1899917,48.87319564819336,-19.319438934326172,9.4366255,0.6434472,19.024712,0.380687,943,gt3r,processed_ATL08_20181129100805_09430114_004_01.h5
1899918,1899922,48.873104095458984,-19.318538665771484,5.522823,0.22472042,18.056843,0.25954401,943,gt3r,processed_ATL08_20181129100805_09430114_004_01.h5
1899923,1899927,48.87300491333008,-19.317638397216797,18.46621,,16.17352,,943,gt3r,processed_ATL08_20181129100805_09430114_004_01.h5
1899928,1899932,48.87290954589844,-19.31673812866211,28.735685,1.8191425,14.210773,0.47507122,943,gt3r,processed_ATL08_20181129100805_09430114_004_01.h5
1899933,1899937,48.8728141784668,-19.315839767456055,26.812378,,21.520277,,943,gt3r,processed_ATL08_20181129100805_09430114_004_01.h5
1899938,1899942,48.87272262573242,-19.314939498901367,18.348717,1.0656224,18.73381,0.6144571,943,gt3r,processed_ATL08_20181129100805_09430114_004_01.h5
1899943,1899947,48.87263107299805,-19.31403923034668,13.955203,0.55668193,13.569278,0.3365663,943,gt3r,processed_ATL08_20181129100805_09430114_004_01.h5
1899948,1899952,48.87253952026367,-19.313138961791992,21.445364,0.16816643,24.716654,0.44253922,943,gt3r,processed_ATL08_20181129100805_09430114_004_01.h5
1899953,1899957,48.872440338134766,-19.312238693237305,25.939972,,28.711376,,943,gt3r,processed_ATL08_20181129100805_09430114_004_01.h5
1899958,1899962,48.872352600097656,-19.311338424682617,24.057749,,34.111816,,943,gt3r,processed_ATL08_20181129100805_09430114_004_01.h5
1899963,1899967,48.872257232666016,-19.31043815612793,24.547865,,33.547997,,943,gt3r,processed_ATL08_20181129100805_09430114_004_01.h5
1899968,1899972,48.87216567993164,-19.309537887573242,18.167995,0.07967413,9.754301,0.12791067,943,gt3r,processed_ATL08_20181129100805_09430114_004_01.h5
1899973,1899977,48.8720703125,-19.308637619018555,32.373222,0.68744683,7.310175,0.29925862,943,gt3r,processed_ATL08_20181129100805_09430114_004_01.h5
1899978,1899982,48.871978759765625,-19.307737350463867,29.274359,,8.14489,,943,gt3r,processed_ATL08_20181129100805_09430114_004_01.h5
1899983,1899987,48.87188720703125,-19.30683708190918,11.772686,0.20686156,7.4725018,0.12385876,943,gt3r,processed_ATL08_20181129100805_09430114_004_01.h5
1899988,1899992,48.871795654296875,-19.305936813354492,17.87719,0.71974206,6.622183,0.2489712,943,gt3r,processed_ATL08_20181129100805_09430114_004_01.h5
1899993,1899997,48.8717041015625,-19.305038452148438,14.474998,0.22261739,12.25116,0.35270104,943,gt3r,processed_ATL08_20181129100805_09430114_004_01.h5
1899998,1900002,48.871612548828125,-19.30413818359375,19.50236,0.979012,13.384232,0.37578288,943,gt3r,processed_ATL08_20181129100805_09430114_004_01.h5
1900003,1900007,48.871517181396484,-19.303237915039062,19.662064,0.48771468,13.112717,0.32840982,943,gt3r,processed_ATL08_20181129100805_09430114_004_01.h5
1900008,1900012,48.87141799926758,-19.302337646484375,32.434063,0.9934587,13.807842,0.56127995,943,gt3r,processed_ATL08_20181129100805_09430114_004_01.h5
1900013,1900017,48.8713264465332,-19.301437377929688,40.863014,,21.894897,,943,gt3r,processed_ATL08_20181129100805_09430114_004_01.h5
1900018,1900022,48.871238708496094,-19.300537109375,34.32236,1.3375914,18.126411,1.2830747,943,gt3r,processed_ATL08_20181129100805_09430114_004_01.h5
1900023,1900027,48.87114334106445,-19.299636840820312,47.8592,,12.247894,,943,gt3r,processed_ATL08_20181129100805_09430114_004_01.h5
1900028,1900032,48.871055603027344,-19.298736572265625,43.84391,1.0315226,6.9342804,1.1205297,943,gt3r,processed_ATL08_20181129100805_09430114_004_01.h5
1900033,1900037,48.87096405029297,-19.297836303710938,36.900944,,15.636574,,943,gt3r,processed_ATL08_20181129100805_09430114_004_01.h5
1900038,1900042,48.87087631225586,-19.29693603515625,32.16867,0.9579691,14.957708,0.64071953,943,gt3r,processed_ATL08_20181129100805_09430114_004_01.h5
1900043,1900047,48.87078857421875,-19.296035766601562,28.467001,1.9473224,17.049032,0.73255545,943,gt3r,processed_ATL08_20181129100805_09430114_004_01.h5
1900048,1900052,48.870697021484375,-19.295135498046875,9.404889,0.18117332,17.148954,0.25616255,943,gt3r,processed_ATL08_20181129100805_09430114_004_01.h5
1900053,1900057,48.870609283447266,-19.294235229492188,18.856543,1.4390702,9.655003,0.33511093,943,gt3r,processed_ATL08_20181129100805_09430114_004_01.h5
1900058,1900062,48.870513916015625,-19.2933349609375,26.63368,1.7898519,12.429594,0.43712366,943,gt3r,processed_ATL08_20181129100805_09430114_004_01.h5
1900063,1900067,48.87042236328125,-19.292434692382812,9.1912,0.044534028,8.733324,0.076379865,943,gt3r,processed_ATL08_20181129100805_09430114_004_01.h5
1900068,1900072,48.87033462524414,-19.291534423828125,8.204349,0.04525918,15.584814,0.13068855,943,gt3r,processed_ATL08_20181129100805_09430114_004_01.h5
1900073,1900077,48.8702392578125,-19.290634155273438,26.414904,,20.057129,,943,gt3r,processed_ATL08_20181129100805_09430114_004_01.h5
1900078,1900082,48.87015151977539,-19.28973388671875,19.572025,,14.430092,,943,gt3r,processed_ATL08_20181129100805_09430114_004_01.h5
1900083,1900087,48.87006378173828,-19.288833618164062,16.679985,0.2632247,11.210693,0.23932576,943,gt3r,processed_ATL08_20181129100805_09430114_004_01.h5
1900088,1900092,48.86997604370117,-19.287931442260742,7.3145733,0.08940838,9.516012,0.17939721,943,gt3r,processed_ATL08_20181129100805_09430114_004_01.h5
1900093,1900097,48.86988830566406,-19.287031173706055,11.58312,0.13332297,10.934874,0.24479507,943,gt3r,processed_ATL08_20181129100805_09430114_004_01.h5
1900098,1900102,48.86979675292969,-19.286130905151367,28.242842,0.68082815,14.880396,0.93991035,943,gt3r,processed_ATL08_20181129100805_09430114_004_01.h5
1900103,1900107,48.86970520019531,-19.28523063659668,42.658535,,17.146877,,943,gt3r,processed_ATL08_20181129100805_09430114_004_01.h5
1900108,1900112,48.8696174621582,-19.284330368041992,38.792816,1.2272292,13.161346,1.4747975,943,gt3r,processed_ATL08_20181129100805_09430114_004_01.h5
1900113,1900117,48.869529724121094,-19.283430099487305,33.97276,,18.89378,,943,gt3r,processed_ATL08_20181129100805_09430114_004_01.h5
1900118,1900122,48.869441986083984,-19.282529830932617,32.020107,,17.62854,,943,gt3r,processed_ATL08_20181129100805_09430114_004_01.h5
1900123,1900127,48.869354248046875,-19.28162956237793,16.457594,0.039119583,16.948696,0.11366631,943,gt3r,processed_ATL08_20181129100805_09430114_004_01.h5
1900128,1900132,48.869258880615234,-19.280729293823242,13.641081,0.3304022,8.787619,0.23033822,943,gt3r,processed_ATL08_20181129100805_09430114_004_01.h5
1900133,1900137,48.86916732788086,-19.279829025268555,22.554485,,21.609774,,943,gt3r,processed_ATL08_20181129100805_09430114_004_01.h5
1900138,1900142,48.869083404541016,-19.278928756713867,12.977778,0.29117036,15.588614,0.4395499,943,gt3r,processed_ATL08_20181129100805_09430114_004_01.h5
1900143,1900147,48.86899185180664,-19.27802848815918,17.734072,,22.331305,,943,gt3r,processed_ATL08_20181129100805_09430114_004_01.h5
1900148,1900152,48.86890411376953,-19.27712631225586,17.771769,,16.883406,,943,gt3r,processed_ATL08_20181129100805_09430114_004_01.h5
1900153,1900157,48.86881637573242,-19.276226043701172,14.307006,0.63635135,16.823072,0.7012524,943,gt3r,processed_ATL08_20181129100805_09430114_004_01.h5
1900158,1900162,48.86872482299805,-19.275325775146484,33.957066,,15.419485,,943,gt3r,processed_ATL08_20181129100805_09430114_004_01.h5
1900163,1900167,48.86863708496094,-19.274425506591797,25.332561,0.9957741,10.613474,0.4241124,943,gt3r,processed_ATL08_20181129100805_09430114_004_01.h5
1900168,1900172,48.86854934692383,-19.27352523803711,12.520021,1.0186332,8.680935,0.20042948,943,gt3r,processed_ATL08_20181129100805_09430114_004_01.h5
1900173,1900177,48.86846160888672,-19.272624969482422,13.123157,,13.241653,,943,gt3r,processed_ATL08_20181129100805_09430114_004_01.h5
1900178,1900182,48.868377685546875,-19.2717227935791,3.411073,0.05026968,9.263871,0.10732369,943,gt3r,processed_ATL08_20181129100805_09430114_004_01.h5
1900183,1900187,48.868289947509766,-19.270822525024414,10.332994,0.014640981,17.30721,0.13152711,943,gt3r,processed_ATL08_20181129100805_09430114_004_01.h5
1900188,1900192,48.86819839477539,-19.269922256469727,19.863419,,15.552862,,943,gt3r,processed_ATL08_20181129100805_09430114_004_01.h5
1900193,1900197,48.86811065673828,-19.26902198791504,-1.2859654,0.035821203,11.617251,0.091731824,943,gt3r,processed_ATL08_20181129100805_09430114_004_01.h5
1900198,1900202,48.868019104003906,-19.26812171936035,-3.2701733,0.0064108376,12.419563,0.015146705,943,gt3r,processed_ATL08_20181129100805_09430114_004_01.h5
1900203,1900207,48.8679313659668,-19.267221450805664,-3.412435,0.028734922,15.222996,0.06135218,943,gt3r,processed_ATL08_20181129100805_09430114_004_01.h5
1900208,1900212,48.86784744262695,-19.266321182250977,2.045032,0.045990735,8.707268,0.071548216,943,gt3r,processed_ATL08_20181129100805_09430114_004_01.h5
1900213,1900217,48.867759704589844,-19.265419006347656,4.8580427,0.114262804,6.203184,0.09678098,943,gt3r,processed_ATL08_20181129100805_09430114_004_01.h5
1900218,1900222,48.867671966552734,-19.26451873779297,0.14222933,0.008734448,4.7852964,0.04202263,943,gt3r,processed_ATL08_20181129100805_09430114_004_01.h5
1900223,1900227,48.86758041381836,-19.26361846923828,2.6926792,0.039133724,8.323303,0.10830229,943,gt3r,processed_ATL08_20181129100805_09430114_004_01.h5
1900228,1900232,48.867488861083984,-19.262718200683594,12.840532,0.9042291,11.150593,0.32353467,943,gt3r,processed_ATL08_20181129100805_09430114_004_01.h5
1900233,1900237,48.86739730834961,-19.261817932128906,6.7908287,0.016528876,15.881019,0.14334665,943,gt3r,processed_ATL08_20181129100805_09430114_004_01.h5
1900238,1900242,48.867313385009766,-19.26091766357422,5.3559856,0.043342184,14.166334,0.22593506,943,gt3r,processed_ATL08_20181129100805_09430114_004_01.h5
1900243,1900247,48.867225646972656,-19.26001739501953,10.86205,,17.595226,,943,gt3r,processed_ATL08_20181129100805_09430114_004_01.h5
1900248,1900252,48.86713790893555,-19.259117126464844,5.0527954,0.047613036,13.53377,0.14612581,943,gt3r,processed_ATL08_20181129100805_09430114_004_01.h5
1900253,1900257,48.867042541503906,-19.258216857910156,15.373604,,28.007893,,943,gt3r,processed_ATL08_20181129100805_09430114_004_01.h5
1900258,1900262,48.86695861816406,-19.25731658935547,11.550584,0.44048855,19.511353,0.64205545,943,gt3r,processed_ATL08_20181129100805_09430114_004_01.h5
1900263,1900267,48.86687088012695,-19.25641632080078,14.749744,0.05134034,14.189775,0.1493289,943,gt3r,processed_ATL08_20181129100805_09430114_004_01.h5
1900268,1900272,48.866783142089844,-19.25551414489746,4.7416368,0.017425166,12.374508,0.06831351,943,gt3r,processed_ATL08_20181129100805_09430114_004_01.h5
1900273,1900277,48.866695404052734,-19.254613876342773,10.826611,0.32047597,19.75233,0.39138392,943,gt3r,processed_ATL08_20181129100805_09430114_004_01.h5
1900278,1900282,48.866607666015625,-19.253713607788086,3.6543145,0.02702697,15.711018,0.117847934,943,gt3r,processed_ATL08_20181129100805_09430114_004_01.h5
1900283,1900287,48.86651611328125,-19.2528133392334,9.341665,0.22586627,8.689529,0.14883177,943,gt3r,processed_ATL08_20181129100805_09430114_004_01.h5
1900288,1900292,48.86642837524414,-19.25191307067871,27.234625,1.5561436,10.016443,0.46952382,943,gt3r,processed_ATL08_20181129100805_09430114_004_01.h5
1900293,1900297,48.866336822509766,-19.251012802124023,23.373533,,14.658699,,943,gt3r,processed_ATL08_20181129100805_09430114_004_01.h5
1900298,1900302,48.866249084472656,-19.250112533569336,4.697767,0.05254299,12.55085,0.10964692,943,gt3r,processed_ATL08_20181129100805_09430114_004_01.h5
1900303,1900307,48.86615753173828,-19.24921226501465,4.2789125,0.011539816,2.588265,0.019954493,943,gt3r,processed_ATL08_20181129100805_09430114_004_01.h5
1900308,1900312,48.8660774230957,-19.248310089111328,4.6611037,0.02008966,6.131054,0.035248168,943,gt3r,processed_ATL08_20181129100805_09430114_004_01.h5
1900313,1900317,48.86598587036133,-19.24740982055664,5.046267,0.13248564,7.3067226,0.08995815,943,gt3r,processed_ATL08_20181129100805_09430114_004_01.h5
1900318,1900322,48.86589431762695,-19.246509552001953,10.338924,,13.215389,,943,gt3r,processed_ATL08_20181129100805_09430114_004_01.h5
1900323,1900327,48.865806579589844,-19.245609283447266,13.228953,0.116681054,18.684652,0.21517682,943,gt3r,processed_ATL08_20181129100805_09430114_004_01.h5
1900328,1900332,48.86571502685547,-19.244709014892578,11.222047,0.01743453,16.046593,0.05810863,943,gt3r,processed_ATL08_20181129100805_09430114_004_01.h5
1900333,1900337,48.865623474121094,-19.24380874633789,27.37276,,13.106968,,943,gt3r,processed_ATL08_20181129100805_09430114_004_01.h5
1900338,1900342,48.865535736083984,-19.242908477783203,33.011894,,16.8121,,943,gt3r,processed_ATL08_20181129100805_09430114_004_01.h5
1900343,1900347,48.865447998046875,-19.242008209228516,15.1482725,0.023353685,11.497349,0.056649916,943,gt3r,processed_ATL08_20181129100805_09430114_004_01.h5
1900348,1900352,48.8653564453125,-19.241107940673828,11.453217,0.16012141,15.074417,0.26810327,943,gt3r,processed_ATL08_20181129100805_09430114_004_01.h5
1900353,1900357,48.86526870727539,-19.240205764770508,12.357819,0.33469743,19.503757,0.36222354,943,gt3r,processed_ATL08_20181129100805_09430114_004_01.h5
1900358,1900362,48.86518096923828,-19.23930549621582,12.099798,0.43990985,17.72916,0.28789786,943,gt3r,processed_ATL08_20181129100805_09430114_004_01.h5
1900363,1900367,48.865089416503906,-19.238405227661133,8.080887,0.8726202,24.664694,0.82352364,943,gt3r,processed_ATL08_20181129100805_09430114_004_01.h5
1900368,1900372,48.8650016784668,-19.237506866455078,25.509134,,25.300804,,943,gt3r,processed_ATL08_20181129100805_09430114_004_01.h5
1900373,1900377,48.864906311035156,-19.236604690551758,46.96998,,20.91613,,943,gt3r,processed_ATL08_20181129100805_09430114_004_01.h5
1900378,1900382,48.86481857299805,-19.23570442199707,37.48286,0.8963393,16.865559,0.5863627,943,gt3r,processed_ATL08_20181129100805_09430114_004_01.h5
1900383,1900387,48.86473083496094,-19.234804153442383,15.023932,0.38299343,10.756612,0.39223206,943,gt3r,processed_ATL08_20181129100805_09430114_004_01.h5
1900388,1900392,48.86464309692383,-19.233903884887695,9.369207,0.025371864,13.278358,0.08787845,943,gt3r,processed_ATL08_20181129100805_09430114_004_01.h5
1900393,1900397,48.86455535888672,-19.233003616333008,7.8729796,,8.579,,943,gt3r,processed_ATL08_20181129100805_09430114_004_01.h5
1900398,1900402,48.86446762084961,-19.23210334777832,7.943359,0.047328096,10.242931,0.06423887,943,gt3r,processed_ATL08_20181129100805_09430114_004_01.h5
1900403,1900407,48.864376068115234,-19.231203079223633,9.424534,0.0735507,15.39385,0.13450931,943,gt3r,processed_ATL08_20181129100805_09430114_004_01.h5
1900408,1900412,48.86428451538086,-19.230302810668945,16.738028,,17.908958,,943,gt3r,processed_ATL08_20181129100805_09430114_004_01.h5
1900413,1900417,48.86419677734375,-19.229402542114258,11.589284,0.2941253,12.62499,0.4041411,943,gt3r,processed_ATL08_20181129100805_09430114_004_01.h5
1900418,1900422,48.864105224609375,-19.228500366210938,10.783177,0.085647404,11.1758375,0.12969609,943,gt3r,processed_ATL08_20181129100805_09430114_004_01.h5
1900423,1900427,48.864013671875,-19.22760009765625,19.226667,0.69745994,17.526915,0.68890333,943,gt3r,processed_ATL08_20181129100805_09430114_004_01.h5
1900428,1900432,48.863922119140625,-19.226701736450195,19.330574,,17.918295,,943,gt3r,processed_ATL08_20181129100805_09430114_004_01.h5
1900433,1900437,48.86383056640625,-19.225801467895508,11.288707,0.15051153,25.073343,0.42319724,943,gt3r,processed_ATL08_20181129100805_09430114_004_01.h5
1900438,1900442,48.863739013671875,-19.22490119934082,16.130915,,27.558868,,943,gt3r,processed_ATL08_20181129100805_09430114_004_01.h5
1900443,1900447,48.8636474609375,-19.224000930786133,10.962724,0.28018302,18.03376,0.2825476,943,gt3r,processed_ATL08_20181129100805_09430114_004_01.h5
1900448,1900452,48.863555908203125,-19.223098754882812,11.821634,0.17042212,14.478378,0.37298006,943,gt3r,processed_ATL08_20181129100805_09430114_004_01.h5
1900453,1900457,48.863460540771484,-19.222200393676758,26.811932,,22.805655,,943,gt3r,processed_ATL08_20181129100805_09430114_004_01.h5
1900458,1900462,48.86336898803711,-19.22130012512207,39.654945,,29.486012,,943,gt3r,processed_ATL08_20181129100805_09430114_004_01.h5
1900463,1900467,48.863277435302734,-19.220399856567383,29.707924,,27.44564,,943,gt3r,processed_ATL08_20181129100805_09430114_004_01.h5
1900468,1900472,48.863189697265625,-19.219499588012695,13.210285,0.54899484,12.027548,0.14488651,943,gt3r,processed_ATL08_20181129100805_09430114_004_01.h5
1900473,1900477,48.86309814453125,-19.218599319458008,17.18377,,10.482592,,943,gt3r,processed_ATL08_20181129100805_09430114_004_01.h5
1900478,1900482,48.86300277709961,-19.21769905090332,22.293303,,12.451319,,943,gt3r,processed_ATL08_20181129100805_09430114_004_01.h5
1900483,1900487,48.8629150390625,-19.216798782348633,14.199293,0.040719707,16.274982,0.07946239,943,gt3r,processed_ATL08_20181129100805_09430114_004_01.h5
1900488,1900492,48.862815856933594,-19.215898513793945,25.9561,1.5133146,31.08232,1.6151329,943,gt3r,processed_ATL08_20181129100805_09430114_004_01.h5
1900493,1900497,48.86272430419922,-19.214998245239258,24.673828,0.22462878,28.442467,0.46383294,943,gt3r,processed_ATL08_20181129100805_09430114_004_01.h5
1900498,1900502,48.86263656616211,-19.21409797668457,30.830736,0.21481928,13.051834,0.3208536,943,gt3r,processed_ATL08_20181129100805_09430114_004_01.h5
1900503,1900507,48.8625373840332,-19.213199615478516,61.654873,2.2093804,13.369186,1.0322217,943,gt3r,processed_ATL08_20181129100805_09430114_004_01.h5
1900508,1900512,48.86243438720703,-19.212299346923828,81.522606,,10.544205,,943,gt3r,processed_ATL08_20181129100805_09430114_004_01.h5
1900513,1900517,48.862342834472656,-19.21139907836914,72.72891,,26.267395,,943,gt3r,processed_ATL08_20181129100805_09430114_004_01.h5
1900518,1900522,48.86225509643555,-19.210498809814453,69.39857,,29.306099,,943,gt3r,processed_ATL08_20181129100805_09430114_004_01.h5
1900523,1900527,48.86216354370117,-19.209598541259766,72.57096,2.1014788,26.438385,1.6175128,943,gt3r,processed_ATL08_20181129100805_09430114_004_01.h5
1900528,1900532,48.86206817626953,-19.208698272705078,77.63971,4.096403,17.891312,1.6565732,943,gt3r,processed_ATL08_20181129100805_09430114_004_01.h5
1900533,1900537,48.861968994140625,-19.20779800415039,122.63186,5.283463,13.131699,1.9046984,943,gt3r,processed_ATL08_20181129100805_09430114_004_01.h5
1900538,1900542,48.86186981201172,-19.206899642944336,145.05365,6.3480787,9.615829,1.8126049,943,gt3r,processed_ATL08_20181129100805_09430114_004_01.h5
1900543,1900547,48.86178207397461,-19.20599937438965,117.597466,4.589654,11.879456,1.8617761,943,gt3r,processed_ATL08_20181129100805_09430114_004_01.h5
1900548,1900552,48.861690521240234,-19.20509910583496,64.82921,1.5846412,14.018379,1.595224,943,gt3r,processed_ATL08_20181129100805_09430114_004_01.h5
1900553,1900557,48.86159896850586,-19.204198837280273,43.82426,4.0240226,16.703445,1.6865976,943,gt3r,processed_ATL08_20181129100805_09430114_004_01.h5
1900558,1900562,48.86149978637695,-19.203298568725586,69.76669,1.8996055,15.386101,1.3706104,943,gt3r,processed_ATL08_20181129100805_09430114_004_01.h5
1900563,1900567,48.86140823364258,-19.2023983001709,77.672485,3.2439241,19.004982,1.9620761,943,gt3r,processed_ATL08_20181129100805_09430114_004_01.h5
1900568,1900572,48.861305236816406,-19.201499938964844,104.663,,28.761322,,943,gt3r,processed_ATL08_20181129100805_09430114_004_01.h5
1900573,1900577,48.861209869384766,-19.200599670410156,115.32587,,17.940742,,943,gt3r,processed_ATL08_20181129100805_09430114_004_01.h5
1900578,1900582,48.861114501953125,-19.19969940185547,127.02141,,12.898972,,943,gt3r,processed_ATL08_20181129100805_09430114_004_01.h5
1900583,1900587,48.86101531982422,-19.198801040649414,156.00568,,11.380157,,943,gt3r,processed_ATL08_20181129100805_09430114_004_01.h5
1900588,1900592,48.86091613769531,-19.197900772094727,167.21017,,14.924713,,943,gt3r,processed_ATL08_20181129100805_09430114_004_01.h5
1900593,1900597,48.86082458496094,-19.19700050354004,144.45833,5.3697233,15.473282,2.1022885,943,gt3r,processed_ATL08_20181129100805_09430114_004_01.h5
1900598,1900602,48.86072540283203,-19.19610023498535,160.0291,13.020299,12.233078,3.6244698,943,gt3r,processed_ATL08_20181129100805_09430114_004_01.h5
1900603,1900607,48.860626220703125,-19.195201873779297,182.67207,,12.327728,,943,gt3r,processed_ATL08_20181129100805_09430114_004_01.h5
1900608,1900612,48.86052703857422,-19.19430160522461,193.68988,5.2221622,9.274841,2.4894226,943,gt3r,processed_ATL08_20181129100805_09430114_004_01.h5
1900613,1900617,48.86043167114258,-19.193401336669922,175.63011,6.5849423,15.396301,3.2693107,943,gt3r,processed_ATL08_20181129100805_09430114_004_01.h5
1900618,1900622,48.86033630371094,-19.192502975463867,192.55405,9.468994,12.495071,2.9233687,943,gt3r,processed_ATL08_20181129100805_09430114_004_01.h5
1900623,1900627,48.86023712158203,-19.19160270690918,201.2806,,11.269302,,943,gt3r,processed_ATL08_20181129100805_09430114_004_01.h5
1900628,1900632,48.860145568847656,-19.190702438354492,162.43452,4.4460926,10.753677,3.0000737,943,gt3r,processed_ATL08_20181129100805_09430114_004_01.h5
1900633,1900637,48.860042572021484,-19.189804077148438,166.80086,,13.626801,,943,gt3r,processed_ATL08_20181129100805_09430114_004_01.h5
1900638,1900642,48.85994338989258,-19.18890380859375,176.47942,14.665509,18.728287,4.0119767,943,gt3r,processed_ATL08_20181129100805_09430114_004_01.h5
1900643,1900647,48.8598518371582,-19.188003540039062,171.39464,6.6731567,19.510284,7.771452,943,gt3r,processed_ATL08_20181129100805_09430114_004_01.h5
1900648,1900652,48.85974884033203,-19.187105178833008,197.29436,3.3392177,14.350723,3.1152797,943,gt3r,processed_ATL08_20181129100805_09430114_004_01.h5
1900653,1900657,48.859649658203125,-19.18620491027832,192.61412,6.5206766,19.674652,6.8581305,943,gt3r,processed_ATL08_20181129100805_09430114_004_01.h5
1900658,1900662,48.85955810546875,-19.185304641723633,150.00493,7.9213276,31.024124,5.165219,943,gt3r,processed_ATL08_20181129100805_09430114_004_01.h5
1900663,1900665,48.85946273803711,-19.184406280517578,117.88274,,50.925316,,943,gt3r,processed_ATL08_20181129100805_09430114_004_01.h5
1900668,1900672,48.85936737060547,-19.183504104614258,97.71968,,33.406334,,943,gt3r,processed_ATL08_20181129100805_09430114_004_01.h5
1900673,1900677,48.8592643737793,-19.182605743408203,92.27443,,31.887085,,943,gt3r,processed_ATL08_20181129100805_09430114_004_01.h5
1900678,1900682,48.859169006347656,-19.181705474853516,78.50923,4.9455824,32.865067,2.9941251,943,gt3r,processed_ATL08_20181129100805_09430114_004_01.h5
1900683,1900687,48.85906982421875,-19.18080711364746,86.653206,5.413787,29.620453,3.857564,943,gt3r,processed_ATL08_20181129100805_09430114_004_01.h5
1900688,1900692,48.85896682739258,-19.179906845092773,89.90477,,35.899216,,943,gt3r,processed_ATL08_20181129100805_09430114_004_01.h5
1900693,1900697,48.8588752746582,-19.179006576538086,59.9732,0.35427025,27.67228,0.5552239,943,gt3r,processed_ATL08_20181129100805_09430114_004_01.h5
1900698,1900702,48.8587760925293,-19.17810821533203,60.33074,0.38759002,18.942425,0.5994338,943,gt3r,processed_ATL08_20181129100805_09430114_004_01.h5
1900703,1900707,48.85867691040039,-19.177207946777344,56.522083,0.26106507,17.724148,0.3317512,943,gt3r,processed_ATL08_20181129100805_09430114_004_01.h5
1900708,1900712,48.858577728271484,-19.176307678222656,57.9466,1.4397789,16.322979,1.2828037,943,gt3r,processed_ATL08_20181129100805_09430114_004_01.h5
1900713,1900717,48.85847473144531,-19.1754093170166,76.48655,4.1569796,22.97554,2.2801113,943,gt3r,processed_ATL08_20181129100805_09430114_004_01.h5
1900720,1900722,48.85837173461914,-19.174509048461914,91.593956,,27.882477,,943,gt3r,processed_ATL08_20181129100805_09430114_004_01.h5
1900723,1900727,48.858280181884766,-19.17361068725586,72.09738,0.8297523,19.156967,0.9764938,943,gt3r,processed_ATL08_20181129100805_09430114_004_01.h5
1900728,1900732,48.858177185058594,-19.172710418701172,69.61625,0.13633993,14.584015,0.20446019,943,gt3r,processed_ATL08_20181129100805_09430114_004_01.h5
1900733,1900737,48.85807800292969,-19.171812057495117,71.0865,0.84830475,10.700836,0.452763,943,gt3r,processed_ATL08_20181129100805_09430114_004_01.h5
1900738,1900742,48.85797882080078,-19.17091178894043,79.83769,,13.339111,,943,gt3r,processed_ATL08_20181129100805_09430114_004_01.h5
1900743,1900747,48.857879638671875,-19.170011520385742,87.59254,4.2457294,12.268845,1.543577,943,gt3r,processed_ATL08_20181129100805_09430114_004_01.h5
1900748,1900752,48.85777282714844,-19.169113159179688,115.666,,16.235756,,943,gt3r,processed_ATL08_20181129100805_09430114_004_01.h5
1900753,1900757,48.857669830322266,-19.168214797973633,138.13028,,25.997726,,943,gt3r,processed_ATL08_20181129100805_09430114_004_01.h5
1900758,1900762,48.857566833496094,-19.167314529418945,147.69048,,25.08902,,943,gt3r,processed_ATL08_20181129100805_09430114_004_01.h5
1900763,1900767,48.85747146606445,-19.16641616821289,139.30328,7.807385,15.546692,3.907558,943,gt3r,processed_ATL08_20181129100805_09430114_004_01.h5
1900768,1900772,48.85736846923828,-19.165515899658203,150.52495,,14.871521,,943,gt3r,processed_ATL08_20181129100805_09430114_004_01.h5
1900773,1900777,48.857269287109375,-19.16461753845215,148.96646,,22.760239,,943,gt3r,processed_ATL08_20181129100805_09430114_004_01.h5
1900778,1900782,48.857173919677734,-19.16371726989746,143.50128,,28.526962,,943,gt3r,processed_ATL08_20181129100805_09430114_004_01.h5
1900783,1900787,48.857078552246094,-19.162818908691406,122.709496,5.748511,22.961502,3.11875,943,gt3r,processed_ATL08_20181129100805_09430114_004_01.h5
1900788,1900792,48.85697555541992,-19.16191864013672,111.081345,3.3797252,11.546219,1.5523458,943,gt3r,processed_ATL08_20181129100805_09430114_004_01.h5
1900793,1900796,48.85687255859375,-19.16101837158203,113.43882,0.5335817,20.558723,0.7167063,943,gt3r,processed_ATL08_20181129100805_09430114_004_01.h5
1900798,1900802,48.85676956176758,-19.160120010375977,124.25131,0.57585377,27.455658,0.77997607,943,gt3r,processed_ATL08_20181129100805_09430114_004_01.h5
1900803,1900807,48.856666564941406,-19.15921974182129,137.35382,2.4832401,19.798538,2.1078727,943,gt3r,processed_ATL08_20181129100805_09430114_004_01.h5
1900808,1900812,48.856563568115234,-19.158321380615234,164.99837,7.655998,9.067474,2.0657327,943,gt3r,processed_ATL08_20181129100805_09430114_004_01.h5
1900813,1900817,48.85646438598633,-19.157421112060547,185.78351,1.9631504,11.419968,1.9978426,943,gt3r,processed_ATL08_20181129100805_09430114_004_01.h5
1900818,1900822,48.856361389160156,-19.156522750854492,215.40613,13.410394,14.831238,2.6312587,943,gt3r,processed_ATL08_20181129100805_09430114_004_01.h5
1900823,1900826,48.85626220703125,-19.155622482299805,206.7782,8.827099,11.657349,4.6377707,943,gt3r,processed_ATL08_20181129100805_09430114_004_01.h5
1900834,1900837,48.856040954589844,-19.153644561767578,185.67752,5.278423,15.875809,7.1921234,943,gt3r,processed_ATL08_20181129100805_09430114_004_01.h5
1900838,1900842,48.855960845947266,-19.152925491333008,184.74995,6.3797975,10.893555,3.3570552,943,gt3r,processed_ATL08_20181129100805_09430114_004_01.h5
1900843,1900847,48.85586166381836,-19.15202522277832,199.45107,1.8917701,8.277832,2.0003955,943,gt3r,processed_ATL08_20181129100805_09430114_004_01.h5
1900848,1900852,48.85575485229492,-19.151126861572266,223.97235,4.3189077,7.514145,3.9592648,943,gt3r,processed_ATL08_20181129100805_09430114_004_01.h5
1900853,1900857,48.855648040771484,-19.15022850036621,240.85373,6.141793,5.2723083,2.8266704,943,gt3r,processed_ATL08_20181129100805_09430114_004_01.h5
1900858,1900862,48.85554504394531,-19.149328231811523,229.93918,3.6841133,4.9825745,3.264834,943,gt3r,processed_ATL08_20181129100805_09430114_004_01.h5
1900863,1900867,48.85544967651367,-19.148427963256836,222.83049,3.713164,5.720337,1.7965289,943,gt3r,processed_ATL08_20181129100805_09430114_004_01.h5
1900868,1900872,48.8553466796875,-19.14752960205078,227.20692,2.9882116,6.1915436,1.8320333,943,gt3r,processed_ATL08_20181129100805_09430114_004_01.h5
1900873,1900877,48.85525131225586,-19.146629333496094,222.2564,1.5892452,12.468628,1.746775,943,gt3r,processed_ATL08_20181129100805_09430114_004_01.h5
1900878,1900882,48.85515213012695,-19.14573097229004,236.78304,8.811254,11.522659,7.2921433,943,gt3r,processed_ATL08_20181129100805_09430114_004_01.h5
1900883,1900887,48.855045318603516,-19.14483070373535,252.89749,10.379005,10.506058,3.2497027,943,gt3r,processed_ATL08_20181129100805_09430114_004_01.h5
1900888,1900892,48.85494613647461,-19.143932342529297,239.46272,5.202154,10.601425,5.5563407,943,gt3r,processed_ATL08_20181129100805_09430114_004_01.h5
1900893,1900897,48.8548469543457,-19.14303207397461,234.9275,12.376113,13.367142,5.0606046,943,gt3r,processed_ATL08_20181129100805_09430114_004_01.h5
1900898,1900902,48.8547477722168,-19.142133712768555,240.49802,3.4850035,9.2921295,3.340037,943,gt3r,processed_ATL08_20181129100805_09430114_004_01.h5
1900903,1900907,48.85464096069336,-19.141233444213867,258.57983,12.225573,7.419922,2.9402149,943,gt3r,processed_ATL08_20181129100805_09430114_004_01.h5
1900908,1900912,48.85454177856445,-19.140335083007812,255.08319,3.4943357,9.597015,4.123592,943,gt3r,processed_ATL08_20181129100805_09430114_004_01.h5
1900913,1900917,48.85444259643555,-19.139434814453125,254.29852,3.1362486,8.547684,4.4063373,943,gt3r,processed_ATL08_20181129100805_09430114_004_01.h5
1900918,1900922,48.854347229003906,-19.138534545898438,244.25404,,13.426407,,943,gt3r,processed_ATL08_20181129100805_09430114_004_01.h5
1900923,1900927,48.854248046875,-19.137636184692383,226.25545,4.9879365,5.9229584,2.4600673,943,gt3r,processed_ATL08_20181129100805_09430114_004_01.h5
1900928,1900932,48.85414123535156,-19.136735916137695,227.39934,8.742288,15.923065,5.602924,943,gt3r,processed_ATL08_20181129100805_09430114_004_01.h5
1900933,1900937,48.85403823852539,-19.13583755493164,246.74672,11.919876,18.86943,8.205648,943,gt3r,processed_ATL08_20181129100805_09430114_004_01.h5
1900938,1900942,48.853939056396484,-19.134937286376953,263.11075,26.169083,24.451324,11.736231,943,gt3r,processed_ATL08_20181129100805_09430114_004_01.h5
1900943,1900947,48.85383987426758,-19.1340389251709,257.96964,12.744715,30.170227,10.338626,943,gt3r,processed_ATL08_20181129100805_09430114_004_01.h5
1900948,1900952,48.853736877441406,-19.13313865661621,255.44589,14.040704,29.08522,8.943661,943,gt3r,processed_ATL08_20181129100805_09430114_004_01.h5
1900953,1900957,48.853641510009766,-19.132240295410156,239.04128,4.4665504,15.063278,5.638774,943,gt3r,processed_ATL08_20181129100805_09430114_004_01.h5
1900958,1900962,48.853546142578125,-19.13134002685547,220.64467,17.154957,18.217255,8.322274,943,gt3r,processed_ATL08_20181129100805_09430114_004_01.h5
1900963,1900967,48.853450775146484,-19.13043975830078,190.14417,3.326055,11.706879,2.3746562,943,gt3r,processed_ATL08_20181129100805_09430114_004_01.h5
1900968,1900972,48.85335159301758,-19.129539489746094,169.9585,6.891022,9.775375,2.9053662,943,gt3r,processed_ATL08_20181129100805_09430114_004_01.h5
1900973,1900977,48.853248596191406,-19.12864112854004,174.81432,7.8698807,13.70903,4.3899555,943,gt3r,processed_ATL08_20181129100805_09430114_004_01.h5
1900978,1900982,48.8531494140625,-19.12774085998535,190.95193,,15.110535,,943,gt3r,processed_ATL08_20181129100805_09430114_004_01.h5
1900983,1900987,48.853050231933594,-19.126840591430664,173.9799,4.305882,13.875229,4.8521304,943,gt3r,processed_ATL08_20181129100805_09430114_004_01.h5
1900994,1900997,48.85285568237305,-19.125041961669922,173.5848,,20.920273,,943,gt3r,processed_ATL08_20181129100805_09430114_004_01.h5
1900998,1901002,48.852760314941406,-19.124143600463867,161.30775,2.6353202,15.820557,2.667033,943,gt3r,processed_ATL08_20181129100805_09430114_004_01.h5
1901003,1901007,48.852664947509766,-19.12324333190918,141.84787,1.2007444,16.98877,1.5466146,943,gt3r,processed_ATL08_20181129100805_09430114_004_01.h5
1901008,1901012,48.85256576538086,-19.122343063354492,141.21126,0.32199818,18.819763,0.47729418,943,gt3r,processed_ATL08_20181129100805_09430114_004_01.h5
1901013,1901017,48.85245895385742,-19.121444702148438,154.0987,,24.284164,,943,gt3r,processed_ATL08_20181129100805_09430114_004_01.h5
1901018,1901022,48.852359771728516,-19.12054443359375,162.43279,,25.212448,,943,gt3r,processed_ATL08_20181129100805_09430114_004_01.h5
1901023,1901027,48.852264404296875,-19.119646072387695,155.41103,,29.26027,,943,gt3r,processed_ATL08_20181129100805_09430114_004_01.h5
1901028,1901032,48.852169036865234,-19.118745803833008,159.15735,,21.764114,,943,gt3r,processed_ATL08_20181129100805_09430114_004_01.h5
1901033,1901037,48.852073669433594,-19.11784553527832,168.98996,,27.36702,,943,gt3r,processed_ATL08_20181129100805_09430114_004_01.h5
1901038,1901042,48.85197067260742,-19.116947174072266,175.26427,,31.215515,,943,gt3r,processed_ATL08_20181129100805_09430114_004_01.h5
1901043,1901047,48.851871490478516,-19.116044998168945,168.33911,3.788363,19.153976,1.4660606,943,gt3r,processed_ATL08_20181129100805_09430114_004_01.h5
1901048,1901050,48.851776123046875,-19.11514663696289,194.71037,20.823881,12.197311,7.4520674,943,gt3r,processed_ATL08_20181129100805_09430114_004_01.h5
1901053,1901057,48.8516731262207,-19.114248275756836,227.12885,,14.227585,,943,gt3r,processed_ATL08_20181129100805_09430114_004_01.h5
1901058,1901062,48.85157775878906,-19.11334800720215,247.06364,15.339079,15.254456,4.0113206,943,gt3r,processed_ATL08_20181129100805_09430114_004_01.h5
1901063,1901067,48.85148239135742,-19.11244773864746,228.6677,12.383754,26.466476,4.8934317,943,gt3r,processed_ATL08_20181129100805_09430114_004_01.h5
1901068,1901072,48.85139083862305,-19.111547470092773,206.37523,10.409857,20.128677,5.739548,943,gt3r,processed_ATL08_20181129100805_09430114_004_01.h5
1901073,1901077,48.85129165649414,-19.11064910888672,218.70602,9.361896,16.623886,2.0512934,943,gt3r,processed_ATL08_20181129100805_09430114_004_01.h5
1901078,1901082,48.851192474365234,-19.10974884033203,213.04738,,18.425217,,943,gt3r,processed_ATL08_20181129100805_09430114_004_01.h5
1901083,1901087,48.85108947753906,-19.108848571777344,213.43356,,17.744919,,943,gt3r,processed_ATL08_20181129100805_09430114_004_01.h5
1901088,1901092,48.85099792480469,-19.107948303222656,223.19316,,15.614105,,943,gt3r,processed_ATL08_20181129100805_09430114_004_01.h5
1901093,1901097,48.85090637207031,-19.10704803466797,199.54185,,18.981567,,943,gt3r,processed_ATL08_20181129100805_09430114_004_01.h5
1901098,1901102,48.850807189941406,-19.106149673461914,200.99191,,23.793106,,943,gt3r,processed_ATL08_20181129100805_09430114_004_01.h5
1901103,1901107,48.850711822509766,-19.105249404907227,195.53757,,20.828552,,943,gt3r,processed_ATL08_20181129100805_09430114_004_01.h5
1901109,1901112,48.85062026977539,-19.104347229003906,166.32814,,16.922073,,943,gt3r,processed_ATL08_20181129100805_09430114_004_01.h5
1901113,1901117,48.850528717041016,-19.10344886779785,154.79755,,26.834488,,943,gt3r,processed_ATL08_20181129100805_09430114_004_01.h5
1901118,1901122,48.85043716430664,-19.102548599243164,137.38579,,16.723312,,943,gt3r,processed_ATL08_20181129100805_09430114_004_01.h5
1901123,1901127,48.850337982177734,-19.101648330688477,141.05083,,20.70076,,943,gt3r,processed_ATL08_20181129100805_09430114_004_01.h5
1901128,1901132,48.85024642944336,-19.100749969482422,137.69392,,20.510422,,943,gt3r,processed_ATL08_20181129100805_09430114_004_01.h5
1901133,1901137,48.850154876708984,-19.099849700927734,124.56509,,14.784927,,943,gt3r,processed_ATL08_20181129100805_09430114_004_01.h5
1901138,1901142,48.850059509277344,-19.098949432373047,134.55746,,21.36583,,943,gt3r,processed_ATL08_20181129100805_09430114_004_01.h5
1901143,1901147,48.84996032714844,-19.09804916381836,152.62288,,17.054169,,943,gt3r,processed_ATL08_20181129100805_09430114_004_01.h5
1901148,1901152,48.84986877441406,-19.097148895263672,144.36877,2.9412417,12.574432,2.7332728,943,gt3r,processed_ATL08_20181129100805_09430114_004_01.h5
1901153,1901157,48.84977722167969,-19.096248626708984,119.92698,1.8233961,12.39827,1.7863832,943,gt3r,processed_ATL08_20181129100805_09430114_004_01.h5
1901158,1901162,48.84968566894531,-19.095348358154297,117.07327,,17.958954,,943,gt3r,processed_ATL08_20181129100805_09430114_004_01.h5
1901163,1901167,48.849586486816406,-19.09444808959961,128.73332,,22.160927,,943,gt3r,processed_ATL08_20181129100805_09430114_004_01.h5
1901168,1901172,48.849491119384766,-19.093549728393555,147.12874,,26.390686,,943,gt3r,processed_ATL08_20181129100805_09430114_004_01.h5
1901173,1901177,48.849395751953125,-19.092649459838867,203.89752,,20.612381,,943,gt3r,processed_ATL08_20181129100805_09430114_004_01.h5
1901178,1901182,48.849300384521484,-19.09174919128418,220.5535,,14.784592,,943,gt3r,processed_ATL08_20181129100805_09430114_004_01.h5
1901183,1901187,48.84920883178711,-19.090848922729492,197.93817,15.248951,18.765427,5.003974,943,gt3r,processed_ATL08_20181129100805_09430114_004_01.h5
1901188,1901191,48.84911346435547,-19.089948654174805,242.0977,,25.860367,,943,gt3r,processed_ATL08_20181129100805_09430114_004_01.h5
1901240,1901242,48.84815216064453,-19.08058738708496,248.94434,,33.639008,,943,gt3r,processed_ATL08_20181129100805_09430114_004_01.h5
1901243,1901247,48.84810256958008,-19.080047607421875,229.0056,,33.341904,,943,gt3r,processed_ATL08_20181129100805_09430114_004_01.h5
1901248,1901252,48.84801483154297,-19.079147338867188,204.20831,,27.85321,,943,gt3r,processed_ATL08_20181129100805_09430114_004_01.h5
1901253,1901257,48.84792709350586,-19.0782470703125,178.74474,,33.05104,,943,gt3r,processed_ATL08_20181129100805_09430114_004_01.h5
1901258,1901262,48.847835540771484,-19.07734489440918,161.5095,,25.040558,,943,gt3r,processed_ATL08_20181129100805_09430114_004_01.h5
1901264,1901267,48.847747802734375,-19.076444625854492,120.176094,15.387633,22.066277,7.709289,943,gt3r,processed_ATL08_20181129100805_09430114_004_01.h5
1901268,1901272,48.84766387939453,-19.075544357299805,73.21229,,24.917229,,943,gt3r,processed_ATL08_20181129100805_09430114_004_01.h5
1901273,1901277,48.84757995605469,-19.074644088745117,59.913174,1.5683081,20.737263,2.272736,943,gt3r,processed_ATL08_20181129100805_09430114_004_01.h5
1901278,1901282,48.84749221801758,-19.073741912841797,48.206356,0.42163977,22.03312,0.6994337,943,gt3r,processed_ATL08_20181129100805_09430114_004_01.h5
1901283,1901287,48.84740447998047,-19.07284164428711,35.470394,0.038191296,20.812298,0.0712502,943,gt3r,processed_ATL08_20181129100805_09430114_004_01.h5
1901288,1901290,48.847320556640625,-19.072021484375,42.769566,0.16572815,,,943,gt3r,processed_ATL08_20181129100805_09430114_004_01.h5
1901315,1901317,48.84682846069336,-19.067079544067383,47.099487,0.09341313,,,943,gt3r,processed_ATL08_20181129100805_09430114_004_01.h5
1901318,1901322,48.846778869628906,-19.066539764404297,48.52971,0.2822081,19.550243,0.47330028,943,gt3r,processed_ATL08_20181129100805_09430114_004_01.h5
1901323,1901327,48.84668731689453,-19.065637588500977,53.54884,0.17543724,19.713272,0.29163972,943,gt3r,processed_ATL08_20181129100805_09430114_004_01.h5
1901328,1901332,48.846595764160156,-19.06473731994629,56.246716,0.25376874,24.237976,0.4040085,943,gt3r,processed_ATL08_20181129100805_09430114_004_01.h5
1901333,1901337,48.84650421142578,-19.0638370513916,64.502365,2.1774385,27.823174,1.9949317,943,gt3r,processed_ATL08_20181129100805_09430114_004_01.h5
1901338,1901342,48.84641647338867,-19.062936782836914,63.959522,0.13669369,20.931099,0.22257927,943,gt3r,processed_ATL08_20181129100805_09430114_004_01.h5
1901343,1901347,48.84632873535156,-19.062036514282227,63.221107,0.3139846,29.944916,0.5367952,943,gt3r,processed_ATL08_20181129100805_09430114_004_01.h5
1901351,1901352,48.84622573852539,-19.061052322387695,90.740456,,34.063614,,943,gt3r,processed_ATL08_20181129100805_09430114_004_01.h5
1901353,1901357,48.84614562988281,-19.06023597717285,114.08943,,22.25193,,943,gt3r,processed_ATL08_20181129100805_09430114_004_01.h5
1901358,1901362,48.8460578918457,-19.059335708618164,110.651184,,30.345612,,943,gt3r,processed_ATL08_20181129100805_09430114_004_01.h5
1901363,1901367,48.84596633911133,-19.058435440063477,127.78559,,34.50537,,943,gt3r,processed_ATL08_20181129100805_09430114_004_01.h5
1901368,1901372,48.84587478637695,-19.05753517150879,154.70499,,36.069305,,943,gt3r,processed_ATL08_20181129100805_09430114_004_01.h5
1901373,1901377,48.84578323364258,-19.0566349029541,149.52141,,30.74199,,943,gt3r,processed_ATL08_20181129100805_09430114_004_01.h5
1901378,1901382,48.8456916809082,-19.055734634399414,194.67549,15.537021,19.46431,9.601914,943,gt3r,processed_ATL08_20181129100805_09430114_004_01.h5
1901384,1901386,48.8455924987793,-19.054746627807617,229.60538,,26.832138,,943,gt3r,processed_ATL08_20181129100805_09430114_004_01.h5
1901388,1901392,48.84550857543945,-19.05393409729004,274.05453,,16.919983,,943,gt3r,processed_ATL08_20181129100805_09430114_004_01.h5
1901393,1901397,48.845420837402344,-19.05303382873535,265.7619,7.368421,14.596924,6.2834826,943,gt3r,processed_ATL08_20181129100805_09430114_004_01.h5
1901398,1901400,48.84535217285156,-19.05231285095215,258.67444,25.930094,16.121033,12.882798,943,gt3r,processed_ATL08_20181129100805_09430114_004_01.h5
1901453,1901457,48.84436798095703,-19.042224884033203,270.00793,10.196128,14.835693,4.899907,943,gt3r,processed_ATL08_20181129100805_09430114_004_01.h5
1901458,1901462,48.84428405761719,-19.041324615478516,268.7556,8.704374,10.583649,5.6743336,943,gt3r,processed_ATL08_20181129100805_09430114_004_01.h5
1901463,1901467,48.84419631958008,-19.040424346923828,262.13623,2.0407727,12.752289,1.7500923,943,gt3r,processed_ATL08_20181129100805_09430114_004_01.h5
1901468,1901472,48.8441047668457,-19.03952407836914,270.9378,4.1671376,15.502441,3.6107662,943,gt3r,processed_ATL08_20181129100805_09430114_004_01.h5
1901473,1901476,48.84401321411133,-19.038623809814453,292.38272,,14.977234,,943,gt3r,processed_ATL08_20181129100805_09430114_004_01.h5
1901483,1901487,48.843841552734375,-19.036821365356445,306.86713,23.280823,38.70282,8.867974,943,gt3r,processed_ATL08_20181129100805_09430114_004_01.h5
1901488,1901492,48.843753814697266,-19.035921096801758,312.8116,,26.57135,,943,gt3r,processed_ATL08_20181129100805_09430114_004_01.h5
1901493,1901497,48.843658447265625,-19.035022735595703,329.75296,,15.131439,,943,gt3r,processed_ATL08_20181129100805_09430114_004_01.h5
1901498,1901502,48.843570709228516,-19.034120559692383,322.27243,,18.169464,,943,gt3r,processed_ATL08_20181129100805_09430114_004_01.h5
1901503,1901507,48.84348678588867,-19.033220291137695,300.00784,,16.575989,,943,gt3r,processed_ATL08_20181129100805_09430114_004_01.h5
1901508,1901512,48.84339904785156,-19.032320022583008,299.2987,10.510951,19.850922,7.9707093,943,gt3r,processed_ATL08_20181129100805_09430114_004_01.h5
1901513,1901517,48.84331512451172,-19.03141975402832,304.92493,,14.373596,,943,gt3r,processed_ATL08_20181129100805_09430114_004_01.h5
1901518,1901522,48.84322738647461,-19.030517578125,310.60648,,16.289612,,943,gt3r,processed_ATL08_20181129100805_09430114_004_01.h5
1901523,1901527,48.843135833740234,-19.029617309570312,297.4415,,19.480377,,943,gt3r,processed_ATL08_20181129100805_09430114_004_01.h5
1901528,1901530,48.84305191040039,-19.028717041015625,240.71619,,65.31633,,943,gt3r,processed_ATL08_20181129100805_09430114_004_01.h5
1901580,1901582,48.84214401245117,-19.019350051879883,168.87549,2.917285,10.477554,3.8369148,943,gt3r,processed_ATL08_20181129100805_09430114_004_01.h5
1901583,1901587,48.84209060668945,-19.018810272216797,177.7704,12.306159,14.429184,2.7368178,943,gt3r,processed_ATL08_20181129100805_09430114_004_01.h5
1901588,1901592,48.84199905395508,-19.01791000366211,182.38034,,13.353851,,943,gt3r,processed_ATL08_20181129100805_09430114_004_01.h5
1901593,1901597,48.841915130615234,-19.01700782775879,138.46683,,14.247467,,943,gt3r,processed_ATL08_20181129100805_09430114_004_01.h5
1901598,1901602,48.841827392578125,-19.016109466552734,148.00214,,16.29396,,943,gt3r,processed_ATL08_20181129100805_09430114_004_01.h5
1901603,1901607,48.84173583984375,-19.015207290649414,156.75194,,19.123276,,943,gt3r,processed_ATL08_20181129100805_09430114_004_01.h5
1901608,1901610,48.84164810180664,-19.014362335205078,171.76338,,28.602356,,943,gt3r,processed_ATL08_20181129100805_09430114_004_01.h5
1901638,1901642,48.841094970703125,-19.0089054107666,179.3421,,23.604721,,943,gt3r,processed_ATL08_20181129100805_09430114_004_01.h5
1901643,1901647,48.84100341796875,-19.008005142211914,170.02841,,15.002487,,943,gt3r,processed_ATL08_20181129100805_09430114_004_01.h5
1901648,1901652,48.840911865234375,-19.007104873657227,202.28593,,10.574661,,943,gt3r,processed_ATL08_20181129100805_09430114_004_01.h5
1901653,1901657,48.840824127197266,-19.00620460510254,189.97394,2.0023704,7.1694336,2.025869,943,gt3r,processed_ATL08_20181129100805_09430114_004_01.h5
1901658,1901662,48.840736389160156,-19.00530433654785,162.46349,1.8500557,5.6103516,1.8271993,943,gt3r,processed_ATL08_20181129100805_09430114_004_01.h5
1901663,1901667,48.84064483642578,-19.00440216064453,179.71042,6.6703105,6.868622,2.433891,943,gt3r,processed_ATL08_20181129100805_09430114_004_01.h5
1901668,1901672,48.84055709838867,-19.003503799438477,168.28998,0.47992274,6.3355713,0.59332585,943,gt3r,processed_ATL08_20181129100805_09430114_004_01.h5
1901673,1901677,48.840457916259766,-19.00260353088379,175.37872,3.3466904,8.789276,2.6728432,943,gt3r,processed_ATL08_20181129100805_09430114_004_01.h5
1901678,1901682,48.840362548828125,-19.0017032623291,208.80078,6.2191186,8.480515,3.1129682,943,gt3r,processed_ATL08_20181129100805_09430114_004_01.h5
1901683,1901687,48.840267181396484,-19.000802993774414,236.09625,8.320336,7.3593903,3.1637487,943,gt3r,processed_ATL08_20181129100805_09430114_004_01.h5
1901688,1901692,48.84017562866211,-18.99990463256836,249.15358,11.5611315,6.5027466,1.7631805,943,gt3r,processed_ATL08_20181129100805_09430114_004_01.h5
1901693,1901697,48.84008026123047,-18.999004364013672,226.48723,9.187028,14.600098,6.6374726,943,gt3r,processed_ATL08_20181129100805_09430114_004_01.h5
1901698,1901702,48.83999252319336,-18.998104095458984,231.4564,9.654046,14.117355,4.009689,943,gt3r,processed_ATL08_20181129100805_09430114_004_01.h5
1901703,1901707,48.839900970458984,-18.997203826904297,232.32858,3.0707583,8.084076,1.8565422,943,gt3r,processed_ATL08_20181129100805_09430114_004_01.h5
1901708,1901712,48.839805603027344,-18.99630355834961,213.90613,6.0079246,16.648743,4.221334,943,gt3r,processed_ATL08_20181129100805_09430114_004_01.h5
1901713,1901717,48.839717864990234,-18.995403289794922,187.43732,15.79015,19.135223,5.9188967,943,gt3r,processed_ATL08_20181129100805_09430114_004_01.h5
1901718,1901722,48.839622497558594,-18.994503021240234,169.28256,9.960554,16.563461,5.320726,943,gt3r,processed_ATL08_20181129100805_09430114_004_01.h5
1901723,1901727,48.83952713012695,-18.993602752685547,169.68695,7.38805,9.188293,3.0602927,943,gt3r,processed_ATL08_20181129100805_09430114_004_01.h5
1901728,1901732,48.839439392089844,-18.99270248413086,157.40305,2.4807656,17.718521,1.7980106,943,gt3r,processed_ATL08_20181129100805_09430114_004_01.h5
1901733,1901737,48.8393669128418,-18.991981506347656,150.85483,5.411374,16.500305,3.297715,943,gt3r,processed_ATL08_20181129100805_09430114_004_01.h5
1901738,1901742,48.83925247192383,-18.990901947021484,164.19171,10.355048,14.373779,2.3305862,943,gt3r,processed_ATL08_20181129100805_09430114_004_01.h5
1901743,1901747,48.83915328979492,-18.990001678466797,174.52766,4.0868473,5.476349,1.6912153,943,gt3r,processed_ATL08_20181129100805_09430114_004_01.h5
1901748,1901752,48.83906555175781,-18.98910140991211,159.79112,1.9880308,5.1981354,1.795672,943,gt3r,processed_ATL08_20181129100805_09430114_004_01.h5
1901753,1901757,48.83897399902344,-18.988201141357422,130.19568,3.1946154,4.4812164,1.3055485,943,gt3r,processed_ATL08_20181129100805_09430114_004_01.h5
1901758,1901762,48.83888244628906,-18.987300872802734,92.09208,1.5728351,11.539276,1.181256,943,gt3r,processed_ATL08_20181129100805_09430114_004_01.h5
1901763,1901767,48.83879089355469,-18.986400604248047,64.3667,1.7901791,17.21622,1.5065434,943,gt3r,processed_ATL08_20181129100805_09430114_004_01.h5
1901768,1901772,48.83869934082031,-18.98550033569336,54.018215,1.4291556,19.064728,1.3250974,943,gt3r,processed_ATL08_20181129100805_09430114_004_01.h5
1901773,1901777,48.83860397338867,-18.984600067138672,56.268192,0.31011307,12.713371,0.44031513,943,gt3r,processed_ATL08_20181129100805_09430114_004_01.h5
1901778,1901782,48.838504791259766,-18.983701705932617,53.910995,0.15034457,,,943,gt3r,processed_ATL08_20181129100805_09430114_004_01.h5
1901783,1901787,48.838409423828125,-18.98280143737793,65.027664,1.2786467,9.224716,1.0801342,943,gt3r,processed_ATL08_20181129100805_09430114_004_01.h5
1901788,1901792,48.838314056396484,-18.981901168823242,86.4628,1.4295222,3.790741,1.049883,943,gt3r,processed_ATL08_20181129100805_09430114_004_01.h5
1901793,1901797,48.838218688964844,-18.981000900268555,65.040855,1.0087526,9.431618,1.0286561,943,gt3r,processed_ATL08_20181129100805_09430114_004_01.h5
1901798,1901802,48.8381233215332,-18.9801025390625,74.95761,3.6483493,6.5868225,1.0287421,943,gt3r,processed_ATL08_20181129100805_09430114_004_01.h5
1901803,1901807,48.83802795410156,-18.979202270507812,70.242485,1.2655337,8.38781,1.1640548,943,gt3r,processed_ATL08_20181129100805_09430114_004_01.h5
1901808,1901812,48.837928771972656,-18.978302001953125,92.44783,1.2007853,6.4576187,1.1321412,943,gt3r,processed_ATL08_20181129100805_09430114_004_01.h5
1901813,1901817,48.837833404541016,-18.977401733398438,94.95032,2.8392954,9.392632,1.1670612,943,gt3r,processed_ATL08_20181129100805_09430114_004_01.h5
1901818,1901821,48.837738037109375,-18.97650146484375,69.1512,3.0566015,9.695152,1.6753576,943,gt3r,processed_ATL08_20181129100805_09430114_004_01.h5
1901823,1901827,48.837642669677734,-18.975603103637695,76.780624,5.674294,17.59159,1.1396322,943,gt3r,processed_ATL08_20181129100805_09430114_004_01.h5
1901828,1901832,48.837547302246094,-18.974702835083008,64.29259,2.0602937,16.430885,2.169183,943,gt3r,processed_ATL08_20181129100805_09430114_004_01.h5
1901834,1901837,48.83745193481445,-18.97380256652832,56.568012,5.730413,13.04002,1.7051543,943,gt3r,processed_ATL08_20181129100805_09430114_004_01.h5
1901838,1901842,48.83734893798828,-18.972900390625,51.492645,,11.51939,,943,gt3r,processed_ATL08_20181129100805_09430114_004_01.h5
1901843,1901847,48.837257385253906,-18.972003936767578,39.292404,1.3364809,27.32415,1.469058,943,gt3r,processed_ATL08_20181129100805_09430114_004_01.h5
1901848,1901851,48.837162017822266,-18.97110366821289,34.02653,0.23587693,22.065346,0.4086351,943,gt3r,processed_ATL08_20181129100805_09430114_004_01.h5
1901853,1901857,48.837059020996094,-18.970203399658203,32.683456,0.08266722,25.255451,0.15817718,943,gt3r,processed_ATL08_20181129100805_09430114_004_01.h5
1901858,1901862,48.83696365356445,-18.96930503845215,31.847569,0.07690212,23.556936,0.14598975,943,gt3r,processed_ATL08_20181129100805_09430114_004_01.h5
1901863,1901867,48.83686447143555,-18.96840476989746,35.233154,1.9300183,24.901165,2.5838776,943,gt3r,processed_ATL08_20181129100805_09430114_004_01.h5
1901893,1901897,48.836273193359375,-18.9630069732666,26.532143,0.34310034,25.769037,0.6865909,943,gt3r,processed_ATL08_20181129100805_09430114_004_01.h5
1901898,1901902,48.83617401123047,-18.962108612060547,21.08325,0.015540877,,,943,gt3r,processed_ATL08_20181129100805_09430114_004_01.h5
1901903,1901907,48.8360710144043,-18.961206436157227,27.620926,0.9518848,25.240435,1.4008813,943,gt3r,processed_ATL08_20181129100805_09430114_004_01.h5
1901908,1901912,48.835975646972656,-18.960309982299805,23.75957,0.06280098,26.363493,0.1313668,943,gt3r,processed_ATL08_20181129100805_09430114_004_01.h5
1901913,1901915,48.835872650146484,-18.959409713745117,19.67411,0.14150047,17.408276,0.26857883,943,gt3r,processed_ATL08_20181129100805_09430114_004_01.h5
1901918,1901922,48.835777282714844,-18.95850944519043,24.039427,0.082240425,22.690657,0.16371045,943,gt3r,processed_ATL08_20181129100805_09430114_004_01.h5
1901923,1901927,48.83567428588867,-18.957609176635742,28.346233,0.118638635,18.293804,0.24392055,943,gt3r,processed_ATL08_20181129100805_09430114_004_01.h5
1901928,1901932,48.835575103759766,-18.956710815429688,27.496359,0.054000817,23.142647,0.10941089,943,gt3r,processed_ATL08_20181129100805_09430114_004_01.h5
1901951,1901952,48.83512878417969,-18.952741622924805,56.81497,4.669735,18.544712,4.8849216,943,gt3r,processed_ATL08_20181129100805_09430114_004_01.h5
1902010,1902014,48.83391571044922,-18.94196128845215,98.72641,2.5974422,9.898445,2.4554086,943,gt3r,processed_ATL08_20181129100805_09430114_004_01.h5
1902015,1902019,48.83380889892578,-18.941062927246094,112.811554,2.3679194,10.340485,2.4432876,943,gt3r,processed_ATL08_20181129100805_09430114_004_01.h5
1902020,1902024,48.833709716796875,-18.940162658691406,134.51395,4.796033,13.468521,3.2534115,943,gt3r,processed_ATL08_20181129100805_09430114_004_01.h5
1902025,1902029,48.83361053466797,-18.93926429748535,159.245,3.3114464,11.629227,2.497279,943,gt3r,processed_ATL08_20181129100805_09430114_004_01.h5
1902030,1902034,48.83350372314453,-18.938364028930664,172.6295,13.398452,10.482178,2.6633055,943,gt3r,processed_ATL08_20181129100805_09430114_004_01.h5
1902035,1902039,48.833404541015625,-18.93746566772461,153.06186,8.708431,11.686066,2.8726242,943,gt3r,processed_ATL08_20181129100805_09430114_004_01.h5
1902040,1902044,48.83330154418945,-18.936565399169922,169.25429,4.932432,9.718948,2.1287282,943,gt3r,processed_ATL08_20181129100805_09430114_004_01.h5
1902045,1902049,48.83319854736328,-18.935667037963867,200.6035,9.350574,6.919815,1.6415901,943,gt3r,processed_ATL08_20181129100805_09430114_004_01.h5
1902050,1902054,48.833099365234375,-18.93476676940918,166.91035,5.220693,13.593491,3.4115634,943,gt3r,processed_ATL08_20181129100805_09430114_004_01.h5
1902055,1902058,48.8329963684082,-18.933868408203125,165.17609,9.80851,11.791199,12.151602,943,gt3r,processed_ATL08_20181129100805_09430114_004_01.h5
1902062,1902064,48.832889556884766,-18.932968139648438,182.85327,,15.328949,,943,gt3r,processed_ATL08_20181129100805_09430114_004_01.h5
1902065,1902069,48.83279037475586,-18.932069778442383,171.98387,6.3793087,8.973297,2.0626247,943,gt3r,processed_ATL08_20181129100805_09430114_004_01.h5
1902070,1902074,48.83269500732422,-18.931169509887695,146.75893,5.175985,12.401154,3.0971103,943,gt3r,processed_ATL08_20181129100805_09430114_004_01.h5
1902075,1902079,48.83259963989258,-18.930269241333008,132.0542,9.598655,11.672607,2.336546,943,gt3r,processed_ATL08_20181129100805_09430114_004_01.h5
1902080,1902084,48.83250045776367,-18.929370880126953,112.29237,7.5247793,8.604805,1.0704927,943,gt3r,processed_ATL08_20181129100805_09430114_004_01.h5
1902085,1902089,48.832393646240234,-18.9284725189209,131.51161,0.5991027,12.803131,0.84072137,943,gt3r,processed_ATL08_20181129100805_09430114_004_01.h5
1902090,1902094,48.83229064941406,-18.92757225036621,166.49199,6.3991795,12.814087,4.0229597,943,gt3r,processed_ATL08_20181129100805_09430114_004_01.h5
1902095,1902099,48.832191467285156,-18.926673889160156,172.31306,4.420461,8.182129,2.2796142,943,gt3r,processed_ATL08_20181129100805_09430114_004_01.h5
1902100,1902104,48.83208465576172,-18.92577362060547,198.94313,5.1164846,11.569946,2.532231,943,gt3r,processed_ATL08_20181129100805_09430114_004_01.h5
1902105,1902109,48.83198165893555,-18.924875259399414,206.4909,9.935935,11.883316,5.6603246,943,gt3r,processed_ATL08_20181129100805_09430114_004_01.h5
1902110,1902114,48.831878662109375,-18.923974990844727,218.12325,9.746581,7.6486816,2.4778757,943,gt3r,processed_ATL08_20181129100805_09430114_004_01.h5
1902115,1902119,48.831783294677734,-18.923076629638672,211.2465,5.816843,8.109222,2.5563023,943,gt3r,processed_ATL08_20181129100805_09430114_004_01.h5
1902120,1902124,48.83168411254883,-18.922176361083984,211.35245,16.10034,9.53923,3.5542614,943,gt3r,processed_ATL08_20181129100805_09430114_004_01.h5
1902125,1902129,48.831581115722656,-18.921276092529297,208.40488,7.1667166,12.498047,4.4015694,943,gt3r,processed_ATL08_20181129100805_09430114_004_01.h5
1902130,1902134,48.83146286010742,-18.920379638671875,224.17146,18.10257,21.481522,17.892021,943,gt3r,processed_ATL08_20181129100805_09430114_004_01.h5
1902135,1902139,48.83137512207031,-18.919479370117188,238.37976,,27.794647,,943,gt3r,processed_ATL08_20181129100805_09430114_004_01.h5
1902222,1902224,48.82963562011719,-18.903827667236328,317.07388,,12.226501,,943,gt3r,processed_ATL08_20181129100805_09430114_004_01.h5
1902225,1902229,48.8295783996582,-18.903287887573242,315.0778,3.7772655,10.877319,4.440055,943,gt3r,processed_ATL08_20181129100805_09430114_004_01.h5
1902230,1902234,48.829490661621094,-18.902387619018555,250.59206,5.146359,11.025818,2.7270498,943,gt3r,processed_ATL08_20181129100805_09430114_004_01.h5
1902235,1902239,48.82939529418945,-18.901487350463867,251.86922,8.678494,6.1180573,2.7600358,943,gt3r,processed_ATL08_20181129100805_09430114_004_01.h5
1902240,1902244,48.82929611206055,-18.90058708190918,243.99495,16.319714,10.725082,3.6063166,943,gt3r,processed_ATL08_20181129100805_09430114_004_01.h5
1902245,1902249,48.82919692993164,-18.899688720703125,231.58945,8.583376,10.400421,4.319719,943,gt3r,processed_ATL08_20181129100805_09430114_004_01.h5
1902250,1902254,48.829097747802734,-18.898788452148438,234.15411,14.034969,16.593231,3.9417665,943,gt3r,processed_ATL08_20181129100805_09430114_004_01.h5
1902255,1902259,48.82899856567383,-18.89788818359375,245.61154,16.520555,9.668106,4.313768,943,gt3r,processed_ATL08_20181129100805_09430114_004_01.h5
1902260,1902264,48.82890319824219,-18.896989822387695,266.8277,,7.974762,,943,gt3r,processed_ATL08_20181129100805_09430114_004_01.h5
1902265,1902269,48.82880783081055,-18.896089553833008,235.56299,12.362976,8.87384,2.4945934,943,gt3r,processed_ATL08_20181129100805_09430114_004_01.h5
1902270,1902274,48.828712463378906,-18.89518928527832,210.1194,13.639387,10.545059,3.2042322,943,gt3r,processed_ATL08_20181129100805_09430114_004_01.h5
1902275,1902279,48.82862091064453,-18.894289016723633,194.96605,4.438064,9.464294,2.884941,943,gt3r,processed_ATL08_20181129100805_09430114_004_01.h5
1902280,1902284,48.82851791381836,-18.893388748168945,226.99696,4.6388106,9.558121,3.677593,943,gt3r,processed_ATL08_20181129100805_09430114_004_01.h5
1902285,1902289,48.82843017578125,-18.892488479614258,193.13562,5.6053896,8.440338,2.9707894,943,gt3r,processed_ATL08_20181129100805_09430114_004_01.h5
1902290,1902294,48.82833480834961,-18.891590118408203,178.27426,6.6228566,12.749405,4.473339,943,gt3r,processed_ATL08_20181129100805_09430114_004_01.h5
1902295,1902299,48.82823944091797,-18.890689849853516,167.11688,6.6991396,16.184021,4.403215,943,gt3r,processed_ATL08_20181129100805_09430114_004_01.h5
1902300,1902304,48.82814407348633,-18.889789581298828,165.77779,4.9539495,11.8064575,1.9103178,943,gt3r,processed_ATL08_20181129100805_09430114_004_01.h5
1902305,1902309,48.82804870605469,-18.88888931274414,188.7313,3.775858,7.623413,2.007604,943,gt3r,processed_ATL08_20181129100805_09430114_004_01.h5
1902310,1902314,48.827945709228516,-18.887990951538086,214.32349,7.117269,6.487564,2.2164106,943,gt3r,processed_ATL08_20181129100805_09430114_004_01.h5
1902315,1902319,48.827850341796875,-18.8870906829834,207.70529,15.965323,8.798401,3.543504,943,gt3r,processed_ATL08_20181129100805_09430114_004_01.h5
1902320,1902324,48.8277587890625,-18.88619041442871,184.4389,4.628696,10.980789,3.7061975,943,gt3r,processed_ATL08_20181129100805_09430114_004_01.h5
1902325,1902329,48.827667236328125,-18.885290145874023,162.71031,5.2275767,5.6206512,1.3748424,943,gt3r,processed_ATL08_20181129100805_09430114_004_01.h5
1902330,1902334,48.82757568359375,-18.884389877319336,143.64214,0.63823766,8.80484,0.7273682,943,gt3r,processed_ATL08_20181129100805_09430114_004_01.h5
1902335,1902339,48.82748031616211,-18.88348960876465,160.82925,4.1737566,9.010056,2.738578,943,gt3r,processed_ATL08_20181129100805_09430114_004_01.h5
1902340,1902344,48.82738494873047,-18.88258934020996,146.68713,0.47235954,18.87355,0.62792224,943,gt3r,processed_ATL08_20181129100805_09430114_004_01.h5
1902345,1902349,48.82728958129883,-18.881690979003906,150.67761,3.9555447,13.64772,4.1082196,943,gt3r,processed_ATL08_20181129100805_09430114_004_01.h5
1902350,1902354,48.82719421386719,-18.88079071044922,162.63345,5.820231,9.7322235,2.8962595,943,gt3r,processed_ATL08_20181129100805_09430114_004_01.h5
1902355,1902359,48.82709884643555,-18.87989044189453,186.40678,6.6315484,9.300018,3.093557,943,gt3r,processed_ATL08_20181129100805_09430114_004_01.h5
1902360,1902364,48.827003479003906,-18.878990173339844,207.77112,14.358657,10.897751,2.1074884,943,gt3r,processed_ATL08_20181129100805_09430114_004_01.h5
1902365,1902369,48.826904296875,-18.878089904785156,209.3771,4.804502,7.199875,2.629762,943,gt3r,processed_ATL08_20181129100805_09430114_004_01.h5
1902370,1902374,48.826812744140625,-18.87718963623047,205.83951,22.804573,12.25,12.434758,943,gt3r,processed_ATL08_20181129100805_09430114_004_01.h5
1902375,1902379,48.82672119140625,-18.87628936767578,203.73198,,23.663498,,943,gt3r,processed_ATL08_20181129100805_09430114_004_01.h5
1902443,1902444,48.825469970703125,-18.864145278930664,308.3669,23.08076,46.10161,18.997686,943,gt3r,processed_ATL08_20181129100805_09430114_004_01.h5
1902445,1902449,48.82542419433594,-18.86368751525879,311.79163,27.95968,11.410339,6.535541,943,gt3r,processed_ATL08_20181129100805_09430114_004_01.h5
1902450,1902454,48.82533645629883,-18.8627872467041,311.84238,18.407795,7.3462524,2.945808,943,gt3r,processed_ATL08_20181129100805_09430114_004_01.h5
1902455,1902459,48.82524490356445,-18.861886978149414,322.70343,11.032697,15.077545,3.2579927,943,gt3r,processed_ATL08_20181129100805_09430114_004_01.h5
1902460,1902464,48.82515335083008,-18.860986709594727,330.71832,21.903103,11.793335,5.7568474,943,gt3r,processed_ATL08_20181129100805_09430114_004_01.h5
1902465,1902469,48.8250617980957,-18.86008644104004,342.82443,7.176558,10.097656,4.6374445,943,gt3r,processed_ATL08_20181129100805_09430114_004_01.h5
1902470,1902474,48.824974060058594,-18.85918617248535,354.38116,6.1156173,8.814484,3.4358091,943,gt3r,processed_ATL08_20181129100805_09430114_004_01.h5
1902475,1902479,48.82487869262695,-18.858285903930664,382.20465,9.224144,5.675812,2.9554503,943,gt3r,processed_ATL08_20181129100805_09430114_004_01.h5
1902480,1902484,48.82478332519531,-18.857385635375977,428.82864,13.861792,8.307312,4.963658,943,gt3r,processed_ATL08_20181129100805_09430114_004_01.h5
1902485,1902489,48.82468795776367,-18.85648536682129,450.35107,28.080894,7.6856384,4.883546,943,gt3r,processed_ATL08_20181129100805_09430114_004_01.h5
1902490,1902494,48.8245964050293,-18.8555850982666,496.3139,13.887853,7.5386963,5.4143734,943,gt3r,processed_ATL08_20181129100805_09430114_004_01.h5
1902495,1902499,48.82451248168945,-18.854684829711914,471.6352,10.093627,6.283722,5.167314,943,gt3r,processed_ATL08_20181129100805_09430114_004_01.h5
1902500,1902504,48.824424743652344,-18.853784561157227,437.23904,11.295524,8.142792,5.7314634,943,gt3r,processed_ATL08_20181129100805_09430114_004_01.h5
1902505,1902509,48.82433319091797,-18.85288429260254,462.2669,10.098019,5.9164734,4.0182176,943,gt3r,processed_ATL08_20181129100805_09430114_004_01.h5
1902510,1902514,48.824249267578125,-18.85198211669922,435.84885,10.717215,5.9731445,5.45461,943,gt3r,processed_ATL08_20181129100805_09430114_004_01.h5
1902515,1902519,48.824161529541016,-18.85108184814453,430.45508,1.8625268,6.445648,2.2651103,943,gt3r,processed_ATL08_20181129100805_09430114_004_01.h5
1902520,1902524,48.824073791503906,-18.850181579589844,427.89355,14.307599,6.2053223,4.5118613,943,gt3r,processed_ATL08_20181129100805_09430114_004_01.h5
1902525,1902529,48.8239860534668,-18.849281311035156,432.11145,21.529089,13.825165,7.024645,943,gt3r,processed_ATL08_20181129100805_09430114_004_01.h5
1902530,1902534,48.82389831542969,-18.84838104248047,421.52032,9.281898,12.073944,7.392367,943,gt3r,processed_ATL08_20181129100805_09430114_004_01.h5
1902535,1902539,48.82381057739258,-18.84747886657715,397.9989,15.852182,7.8539124,4.3166094,943,gt3r,processed_ATL08_20181129100805_09430114_004_01.h5
1902540,1902544,48.823726654052734,-18.84657859802246,394.51688,17.088242,8.523621,5.100105,943,gt3r,processed_ATL08_20181129100805_09430114_004_01.h5
1902545,1902549,48.823638916015625,-18.845678329467773,404.48245,8.678431,9.688141,4.030367,943,gt3r,processed_ATL08_20181129100805_09430114_004_01.h5
1902550,1902554,48.823551177978516,-18.844778060913086,375.34003,5.918471,7.8628845,4.158609,943,gt3r,processed_ATL08_20181129100805_09430114_004_01.h5
1902555,1902559,48.82346725463867,-18.843875885009766,354.1357,11.336858,8.206726,4.3021874,943,gt3r,processed_ATL08_20181129100805_09430114_004_01.h5
1902560,1902564,48.82337951660156,-18.842975616455078,339.1613,12.157841,12.743835,4.11725,943,gt3r,processed_ATL08_20181129100805_09430114_004_01.h5
1902565,1902569,48.82329559326172,-18.84207534790039,304.87027,13.777878,13.489899,4.6274343,943,gt3r,processed_ATL08_20181129100805_09430114_004_01.h5
1902570,1902574,48.82320785522461,-18.84117317199707,320.25775,16.998377,10.559113,4.510235,943,gt3r,processed_ATL08_20181129100805_09430114_004_01.h5
1902575,1902579,48.823116302490234,-18.840272903442383,343.54892,14.960318,13.338196,3.8130276,943,gt3r,processed_ATL08_20181129100805_09430114_004_01.h5
1902580,1902584,48.82302474975586,-18.839372634887695,358.45743,23.604055,10.80188,4.1694527,943,gt3r,processed_ATL08_20181129100805_09430114_004_01.h5
1902585,1902589,48.822940826416016,-18.838472366333008,350.9555,,8.13916,,943,gt3r,processed_ATL08_20181129100805_09430114_004_01.h5
1902590,1902594,48.82286071777344,-18.83757209777832,319.18417,11.260866,11.876129,6.3166013,943,gt3r,processed_ATL08_20181129100805_09430114_004_01.h5
1902595,1902599,48.822776794433594,-18.836669921875,297.91718,18.849312,7.5756836,4.968034,943,gt3r,processed_ATL08_20181129100805_09430114_004_01.h5
1902600,1902604,48.82269287109375,-18.835769653320312,275.43387,12.525582,18.983643,4.5381966,943,gt3r,processed_ATL08_20181129100805_09430114_004_01.h5
1902605,1902609,48.82260513305664,-18.834867477416992,270.67044,17.507296,17.29425,4.883843,943,gt3r,processed_ATL08_20181129100805_09430114_004_01.h5
1902610,1902614,48.8225212097168,-18.833967208862305,234.79741,8.594594,11.534088,4.3156466,943,gt3r,processed_ATL08_20181129100805_09430114_004_01.h5
1902615,1902619,48.82243728637695,-18.833065032958984,187.77936,,10.953186,,943,gt3r,processed_ATL08_20181129100805_09430114_004_01.h5
1902620,1902624,48.822357177734375,-18.832164764404297,161.72208,5.498282,18.997208,3.622988,943,gt3r,processed_ATL08_20181129100805_09430114_004_01.h5
1902625,1902629,48.82227325439453,-18.83126449584961,143.88936,6.19514,15.316132,4.8266416,943,gt3r,processed_ATL08_20181129100805_09430114_004_01.h5
1902630,1902634,48.82218933105469,-18.83036231994629,123.534935,2.4003747,13.703987,2.6185262,943,gt3r,processed_ATL08_20181129100805_09430114_004_01.h5
1902635,1902639,48.82210159301758,-18.8294620513916,110.984695,0.35760182,8.851189,0.45870912,943,gt3r,processed_ATL08_20181129100805_09430114_004_01.h5
1902640,1902644,48.82201385498047,-18.828561782836914,114.98511,7.549871,13.620079,1.4962715,943,gt3r,processed_ATL08_20181129100805_09430114_004_01.h5
1902645,1902649,48.82192611694336,-18.827661514282227,110.137596,1.2863201,14.337631,1.4795916,943,gt3r,processed_ATL08_20181129100805_09430114_004_01.h5
1902650,1902654,48.82184600830078,-18.826759338378906,124.22795,5.695256,9.579903,1.5823262,943,gt3r,processed_ATL08_20181129100805_09430114_004_01.h5
1902655,1902659,48.82175827026367,-18.82585906982422,100.54262,5.158805,15.589195,2.9307861,943,gt3r,processed_ATL08_20181129100805_09430114_004_01.h5
1902660,1902664,48.8216667175293,-18.82495880126953,96.72203,4.7949343,17.03405,2.4240925,943,gt3r,processed_ATL08_20181129100805_09430114_004_01.h5
1902665,1902669,48.82158660888672,-18.82405662536621,80.64938,0.73410374,16.632507,0.99702215,943,gt3r,processed_ATL08_20181129100805_09430114_004_01.h5
1902670,1902674,48.82149887084961,-18.823156356811523,79.84677,0.29577965,12.853615,0.40763447,943,gt3r,processed_ATL08_20181129100805_09430114_004_01.h5
1902675,1902679,48.821407318115234,-18.822256088256836,79.00874,0.8756384,10.96788,0.81263447,943,gt3r,processed_ATL08_20181129100805_09430114_004_01.h5
1902680,1902684,48.82132339477539,-18.82135581970215,79.15121,1.7615236,12.148972,1.5525516,943,gt3r,processed_ATL08_20181129100805_09430114_004_01.h5
1902685,1902689,48.82123565673828,-18.82045555114746,92.766846,3.4872558,14.555862,2.3217585,943,gt3r,processed_ATL08_20181129100805_09430114_004_01.h5
1902690,1902694,48.82114791870117,-18.81955337524414,97.93878,6.7922187,11.432266,1.6310934,943,gt3r,processed_ATL08_20181129100805_09430114_004_01.h5
1902695,1902699,48.8210563659668,-18.818653106689453,92.90178,2.9331102,8.268097,1.6442729,943,gt3r,processed_ATL08_20181129100805_09430114_004_01.h5
1902700,1902704,48.82096862792969,-18.817752838134766,106.40417,,7.845764,,943,gt3r,processed_ATL08_20181129100805_09430114_004_01.h5
1902705,1902709,48.82088088989258,-18.816852569580078,116.57225,3.4132097,9.055748,1.4806108,943,gt3r,processed_ATL08_20181129100805_09430114_004_01.h5
1902710,1902714,48.820796966552734,-18.81595230102539,110.05829,2.0183482,9.032326,1.5444125,943,gt3r,processed_ATL08_20181129100805_09430114_004_01.h5
1902715,1902719,48.820709228515625,-18.81505012512207,100.269455,1.9236342,12.9950485,2.2625313,943,gt3r,processed_ATL08_20181129100805_09430114_004_01.h5
1902720,1902723,48.82061767578125,-18.814149856567383,99.49959,14.253612,14.277184,12.507893,943,gt3r,processed_ATL08_20181129100805_09430114_004_01.h5
1902835,1902839,48.818580627441406,-18.793437957763672,80.540245,1.9345384,10.612427,1.1724701,943,gt3r,processed_ATL08_20181129100805_09430114_004_01.h5
1902840,1902844,48.81848907470703,-18.792537689208984,71.91648,1.731737,9.390259,0.9588374,943,gt3r,processed_ATL08_20181129100805_09430114_004_01.h5
1902845,1902849,48.818397521972656,-18.791637420654297,81.10772,,12.441086,,943,gt3r,processed_ATL08_20181129100805_09430114_004_01.h5
1902850,1902854,48.81829833984375,-18.79073715209961,106.98348,4.027238,14.821144,2.1176102,943,gt3r,processed_ATL08_20181129100805_09430114_004_01.h5
1902855,1902859,48.818206787109375,-18.789836883544922,124.54454,1.8780993,4.015335,1.6154084,943,gt3r,processed_ATL08_20181129100805_09430114_004_01.h5
1902860,1902864,48.818111419677734,-18.788936614990234,137.65251,3.0151799,5.695633,1.3884712,943,gt3r,processed_ATL08_20181129100805_09430114_004_01.h5
1902865,1902869,48.81801986694336,-18.788036346435547,139.5941,7.3477383,9.45546,1.9874086,943,gt3r,processed_ATL08_20181129100805_09430114_004_01.h5
1902870,1902874,48.817928314208984,-18.78713607788086,145.70479,,9.063889,,943,gt3r,processed_ATL08_20181129100805_09430114_004_01.h5
1902875,1902879,48.81783676147461,-18.786235809326172,145.42186,4.963234,9.867828,2.235963,943,gt3r,processed_ATL08_20181129100805_09430114_004_01.h5
1902880,1902884,48.81774139404297,-18.785337448120117,167.45981,4.6504693,6.6201477,2.3485315,943,gt3r,processed_ATL08_20181129100805_09430114_004_01.h5
1902885,1902889,48.81764602661133,-18.78443717956543,187.33481,5.2019186,5.6006317,3.1476893,943,gt3r,processed_ATL08_20181129100805_09430114_004_01.h5
1902890,1902894,48.81755447387695,-18.78353500366211,174.6052,8.824945,15.340134,5.027251,943,gt3r,processed_ATL08_20181129100805_09430114_004_01.h5
1902895,1902899,48.81746292114258,-18.782636642456055,161.80685,12.568722,20.708298,5.6425385,943,gt3r,processed_ATL08_20181129100805_09430114_004_01.h5
1902900,1902904,48.81736373901367,-18.781736373901367,190.28589,,23.837738,,943,gt3r,processed_ATL08_20181129100805_09430114_004_01.h5
1902905,1902909,48.81727981567383,-18.78083610534668,155.91943,9.939021,18.964432,5.9416914,943,gt3r,processed_ATL08_20181129100805_09430114_004_01.h5
1902910,1902914,48.81718826293945,-18.779935836791992,112.072105,7.5118737,17.982216,4.052558,943,gt3r,processed_ATL08_20181129100805_09430114_004_01.h5
1902915,1902919,48.81709289550781,-18.779035568237305,118.76642,3.9087243,14.531883,1.9164009,943,gt3r,processed_ATL08_20181129100805_09430114_004_01.h5
1902920,1902924,48.81699752807617,-18.778135299682617,129.82356,5.910421,8.485786,1.5604128,943,gt3r,processed_ATL08_20181129100805_09430114_004_01.h5
1902925,1902929,48.8169059753418,-18.77723503112793,102.748955,3.081568,22.198792,1.469441,943,gt3r,processed_ATL08_20181129100805_09430114_004_01.h5
1902930,1902934,48.81680679321289,-18.776334762573242,122.333374,6.3319216,16.876427,2.352741,943,gt3r,processed_ATL08_20181129100805_09430114_004_01.h5
1902935,1902939,48.816715240478516,-18.775436401367188,109.62978,2.5924685,12.582489,2.104362,943,gt3r,processed_ATL08_20181129100805_09430114_004_01.h5
1902940,1902944,48.816619873046875,-18.7745361328125,123.68608,7.0580344,14.053772,1.6609234,943,gt3r,processed_ATL08_20181129100805_09430114_004_01.h5
1902945,1902949,48.81652069091797,-18.773635864257812,140.43983,3.5580382,15.620605,3.087067,943,gt3r,processed_ATL08_20181129100805_09430114_004_01.h5
1902950,1902954,48.81642150878906,-18.772735595703125,157.88211,4.7261186,24.050034,4.4621267,943,gt3r,processed_ATL08_20181129100805_09430114_004_01.h5
1902955,1902959,48.816322326660156,-18.77183723449707,199.78342,,18.751389,,943,gt3r,processed_ATL08_20181129100805_09430114_004_01.h5
1902960,1902964,48.816226959228516,-18.770936965942383,187.41537,5.78357,8.026306,2.3592663,943,gt3r,processed_ATL08_20181129100805_09430114_004_01.h5
1902965,1902969,48.81613540649414,-18.770036697387695,156.0768,2.9664688,9.822876,2.1110446,943,gt3r,processed_ATL08_20181129100805_09430114_004_01.h5
1902970,1902974,48.8160400390625,-18.769136428833008,130.95195,,11.564941,,943,gt3r,processed_ATL08_20181129100805_09430114_004_01.h5
1902975,1902979,48.81594467163086,-18.76823616027832,125.37874,4.040523,19.693893,2.190114,943,gt3r,processed_ATL08_20181129100805_09430114_004_01.h5
1902980,1902984,48.81584930419922,-18.767335891723633,113.27803,2.935229,9.367416,1.6735346,943,gt3r,processed_ATL08_20181129100805_09430114_004_01.h5
1902985,1902989,48.81574630737305,-18.766437530517578,160.75586,6.12224,12.471741,3.0064764,943,gt3r,processed_ATL08_20181129100805_09430114_004_01.h5
1902990,1902994,48.81564712524414,-18.76553726196289,170.811,4.290507,9.037842,1.7676408,943,gt3r,processed_ATL08_20181129100805_09430114_004_01.h5
1902995,1902999,48.8155517578125,-18.764636993408203,133.52606,4.016797,9.825821,1.9632392,943,gt3r,processed_ATL08_20181129100805_09430114_004_01.h5
1903000,1903004,48.815460205078125,-18.76373863220215,102.652565,3.815081,10.820488,1.4949005,943,gt3r,processed_ATL08_20181129100805_09430114_004_01.h5
1903005,1903009,48.81536865234375,-18.762836456298828,107.53634,3.8888192,7.868828,1.2736938,943,gt3r,processed_ATL08_20181129100805_09430114_004_01.h5
1903010,1903014,48.81526565551758,-18.761938095092773,122.017044,5.809191,11.729225,2.004264,943,gt3r,processed_ATL08_20181129100805_09430114_004_01.h5
1903015,1903019,48.815162658691406,-18.76103973388672,149.76631,,13.537216,,943,gt3r,processed_ATL08_20181129100805_09430114_004_01.h5
1903020,1903024,48.8150634765625,-18.76013946533203,146.46101,6.1987567,8.599045,1.8188317,943,gt3r,processed_ATL08_20181129100805_09430114_004_01.h5
1903025,1903029,48.81496810913086,-18.759239196777344,158.78935,6.434995,8.1289215,2.071056,943,gt3r,processed_ATL08_20181129100805_09430114_004_01.h5
1903030,1903034,48.81487274169922,-18.758338928222656,133.11963,3.7335877,10.623154,2.149845,943,gt3r,processed_ATL08_20181129100805_09430114_004_01.h5
1903035,1903039,48.81476593017578,-18.7574405670166,154.23787,1.8272504,10.028122,1.6055765,943,gt3r,processed_ATL08_20181129100805_09430114_004_01.h5
1903040,1903044,48.81467056274414,-18.756540298461914,151.50316,1.2951982,4.940277,1.2323667,943,gt3r,processed_ATL08_20181129100805_09430114_004_01.h5
1903045,1903049,48.814579010009766,-18.755640029907227,130.23027,4.056172,9.036972,1.6073319,943,gt3r,processed_ATL08_20181129100805_09430114_004_01.h5
1903050,1903054,48.81447982788086,-18.754741668701172,104.85058,4.753175,7.748291,1.2426025,943,gt3r,processed_ATL08_20181129100805_09430114_004_01.h5
1903055,1903059,48.81438064575195,-18.753841400146484,100.190796,0.7955109,10.993858,1.0585012,943,gt3r,processed_ATL08_20181129100805_09430114_004_01.h5
1903060,1903064,48.81428527832031,-18.752941131591797,95.78918,0.22471595,10.319252,0.31849176,943,gt3r,processed_ATL08_20181129100805_09430114_004_01.h5
1903065,1903069,48.814186096191406,-18.75204086303711,101.918816,,10.368973,,943,gt3r,processed_ATL08_20181129100805_09430114_004_01.h5
1903070,1903074,48.8140869140625,-18.751142501831055,76.49769,,12.8027725,,943,gt3r,processed_ATL08_20181129100805_09430114_004_01.h5
1903075,1903079,48.81398391723633,-18.750242233276367,76.87584,3.952071,11.388451,1.2896413,943,gt3r,processed_ATL08_20181129100805_09430114_004_01.h5
1903080,1903084,48.81388473510742,-18.749343872070312,79.34603,4.2476215,11.180359,0.8178564,943,gt3r,processed_ATL08_20181129100805_09430114_004_01.h5
1903085,1903089,48.813785552978516,-18.748443603515625,88.7367,6.8227596,12.271858,1.2094693,943,gt3r,processed_ATL08_20181129100805_09430114_004_01.h5
1903090,1903094,48.813690185546875,-18.747543334960938,65.56921,1.1908824,16.514389,1.105713,943,gt3r,processed_ATL08_20181129100805_09430114_004_01.h5
1903095,1903099,48.8135871887207,-18.746644973754883,64.046814,0.7730067,14.484985,0.9536654,943,gt3r,processed_ATL08_20181129100805_09430114_004_01.h5
1903100,1903104,48.8134880065918,-18.745744705200195,73.630486,1.8712696,9.418686,1.332443,943,gt3r,processed_ATL08_20181129100805_09430114_004_01.h5
1903105,1903109,48.813385009765625,-18.74484634399414,93.37877,3.0027423,18.07779,1.2536954,943,gt3r,processed_ATL08_20181129100805_09430114_004_01.h5
1903110,1903114,48.81329345703125,-18.743946075439453,78.09424,1.8528248,7.265793,1.0000956,943,gt3r,processed_ATL08_20181129100805_09430114_004_01.h5
1903115,1903119,48.81318664550781,-18.743045806884766,109.49446,5.882597,17.258675,1.4271914,943,gt3r,processed_ATL08_20181129100805_09430114_004_01.h5
1903120,1903124,48.81308364868164,-18.74214744567871,122.828735,6.8099265,18.242607,1.284964,943,gt3r,processed_ATL08_20181129100805_09430114_004_01.h5
1903125,1903129,48.812984466552734,-18.741247177124023,92.97323,3.9767914,14.013466,2.142088,943,gt3r,processed_ATL08_20181129100805_09430114_004_01.h5
1903130,1903134,48.812889099121094,-18.74034881591797,83.139534,2.3952212,11.22068,1.091897,943,gt3r,processed_ATL08_20181129100805_09430114_004_01.h5
1903135,1903139,48.81278991699219,-18.73944854736328,70.96111,4.634457,17.966427,1.1672318,943,gt3r,processed_ATL08_20181129100805_09430114_004_01.h5
1903140,1903144,48.81269073486328,-18.738548278808594,61.963684,3.8398614,17.924255,1.1491178,943,gt3r,processed_ATL08_20181129100805_09430114_004_01.h5
1903145,1903149,48.812591552734375,-18.73764991760254,44.505592,0.38021567,16.10271,0.47694173,943,gt3r,processed_ATL08_20181129100805_09430114_004_01.h5
1903150,1903154,48.81249237060547,-18.73674964904785,43.008682,0.39741355,11.9748955,0.41675106,943,gt3r,processed_ATL08_20181129100805_09430114_004_01.h5
1903155,1903159,48.81239318847656,-18.735849380493164,44.423775,0.19332947,8.50465,0.2847728,943,gt3r,processed_ATL08_20181129100805_09430114_004_01.h5
1903160,1903164,48.81229019165039,-18.73495101928711,44.34696,0.21615413,11.491592,0.2901026,943,gt3r,processed_ATL08_20181129100805_09430114_004_01.h5
1903165,1903169,48.81218719482422,-18.734052658081055,55.956284,,13.659412,,943,gt3r,processed_ATL08_20181129100805_09430114_004_01.h5
1903170,1903174,48.81208419799805,-18.733152389526367,50.331337,0.71496123,11.328323,0.76505005,943,gt3r,processed_ATL08_20181129100805_09430114_004_01.h5
1903175,1903179,48.811981201171875,-18.73225212097168,62.724266,2.9330013,11.300625,1.8748856,943,gt3r,processed_ATL08_20181129100805_09430114_004_01.h5
1903180,1903184,48.81188201904297,-18.731353759765625,60.258316,4.8728867,15.526283,3.3633935,943,gt3r,processed_ATL08_20181129100805_09430114_004_01.h5
1903231,1903234,48.81084442138672,-18.72218132019043,84.9661,,21.407501,,943,gt3r,processed_ATL08_20181129100805_09430114_004_01.h5
1903235,1903239,48.810760498046875,-18.72146224975586,103.52034,,27.62983,,943,gt3r,processed_ATL08_20181129100805_09430114_004_01.h5
1903240,1903244,48.8106575012207,-18.720561981201172,101.78914,,30.376602,,943,gt3r,processed_ATL08_20181129100805_09430114_004_01.h5
1903245,1903249,48.8105583190918,-18.719663619995117,103.41614,6.85318,27.786636,4.271741,943,gt3r,processed_ATL08_20181129100805_09430114_004_01.h5
1903250,1903254,48.810455322265625,-18.71876335144043,149.05771,,19.375748,,943,gt3r,processed_ATL08_20181129100805_09430114_004_01.h5
1903255,1903259,48.81035232543945,-18.717864990234375,165.25551,,21.973236,,943,gt3r,processed_ATL08_20181129100805_09430114_004_01.h5
1903260,1903264,48.81024932861328,-18.716964721679688,181.2239,12.866725,26.353333,6.630491,943,gt3r,processed_ATL08_20181129100805_09430114_004_01.h5
1903265,1903269,48.810142517089844,-18.716066360473633,202.53662,6.5270424,15.65802,5.9089174,943,gt3r,processed_ATL08_20181129100805_09430114_004_01.h5
1903270,1903274,48.81003952026367,-18.715166091918945,225.54378,13.794856,15.376587,3.5121486,943,gt3r,processed_ATL08_20181129100805_09430114_004_01.h5
1903275,1903279,48.80994415283203,-18.71426773071289,205.76752,11.663382,17.622864,4.3480945,943,gt3r,processed_ATL08_20181129100805_09430114_004_01.h5
1903280,1903284,48.80984115600586,-18.713367462158203,217.9236,12.750788,18.048767,4.161169,943,gt3r,processed_ATL08_20181129100805_09430114_004_01.h5
1903285,1903289,48.80974197387695,-18.71246910095215,204.07408,0.73864347,13.912704,1.0170157,943,gt3r,processed_ATL08_20181129100805_09430114_004_01.h5
1903290,1903294,48.80963897705078,-18.71156883239746,212.1085,4.390871,15.452713,4.4521093,943,gt3r,processed_ATL08_20181129100805_09430114_004_01.h5
1903295,1903299,48.80953598022461,-18.710670471191406,233.83382,13.043282,17.216873,8.131996,943,gt3r,processed_ATL08_20181129100805_09430114_004_01.h5
1903300,1903304,48.80943298339844,-18.70977020263672,263.17798,7.3554254,16.073303,6.2637486,943,gt3r,processed_ATL08_20181129100805_09430114_004_01.h5
1903305,1903309,48.809329986572266,-18.708871841430664,277.1647,,18.404785,,943,gt3r,processed_ATL08_20181129100805_09430114_004_01.h5
1903310,1903314,48.809226989746094,-18.707971572875977,306.2179,,16.466583,,943,gt3r,processed_ATL08_20181129100805_09430114_004_01.h5
1903315,1903319,48.809120178222656,-18.707073211669922,346.73218,18.866352,12.634308,4.027056,943,gt3r,processed_ATL08_20181129100805_09430114_004_01.h5
1903320,1903324,48.809024810791016,-18.706172943115234,329.77417,11.062602,13.000702,7.896205,943,gt3r,processed_ATL08_20181129100805_09430114_004_01.h5
1903325,1903329,48.80892562866211,-18.70527458190918,352.39008,18.628792,17.955566,7.0525346,943,gt3r,processed_ATL08_20181129100805_09430114_004_01.h5
1903330,1903334,48.808815002441406,-18.704376220703125,395.72977,23.253704,24.279266,9.318419,943,gt3r,processed_ATL08_20181129100805_09430114_004_01.h5
1903335,1903339,48.808712005615234,-18.703475952148438,401.29584,,32.20398,,943,gt3r,processed_ATL08_20181129100805_09430114_004_01.h5
1903340,1903344,48.808616638183594,-18.70257568359375,372.93704,,30.512482,,943,gt3r,processed_ATL08_20181129100805_09430114_004_01.h5
1903345,1903349,48.808509826660156,-18.701677322387695,423.17102,,32.90045,,943,gt3r,processed_ATL08_20181129100805_09430114_004_01.h5
1903350,1903354,48.80841064453125,-18.700777053833008,417.78403,,33.311127,,943,gt3r,processed_ATL08_20181129100805_09430114_004_01.h5
1903355,1903359,48.808311462402344,-18.699878692626953,418.8359,,33.460022,,943,gt3r,processed_ATL08_20181129100805_09430114_004_01.h5
1903360,1903364,48.80820846557617,-18.698978424072266,391.09567,,30.795074,,943,gt3r,processed_ATL08_20181129100805_09430114_004_01.h5
1903365,1903369,48.80811309814453,-18.698078155517578,405.07068,77.999855,25.875397,64.5176,943,gt3r,processed_ATL08_20181129100805_09430114_004_01.h5
1903480,1903484,48.805870056152344,-18.677385330200195,543.5518,,33.315796,,943,gt3r,processed_ATL08_20181129100805_09430114_004_01.h5
1903485,1903489,48.80577850341797,-18.676485061645508,508.31415,,27.028442,,943,gt3r,processed_ATL08_20181129100805_09430114_004_01.h5
1903498,1903499,48.8055534362793,-18.674251556396484,469.9108,69.02725,20.736572,57.320995,943,gt3r,processed_ATL08_20181129100805_09430114_004_01.h5
1903500,1903504,48.805503845214844,-18.673784255981445,464.41272,,30.117645,,943,gt3r,processed_ATL08_20181129100805_09430114_004_01.h5
1903505,1903509,48.80541229248047,-18.672883987426758,419.48364,25.551743,27.408478,16.238342,943,gt3r,processed_ATL08_20181129100805_09430114_004_01.h5
1903510,1903514,48.805335998535156,-18.671981811523438,332.79993,,31.75647,,943,gt3r,processed_ATL08_20181129100805_09430114_004_01.h5
1903516,1903519,48.80524444580078,-18.67108154296875,269.6664,7.066257,20.875397,8.085168,943,gt3r,processed_ATL08_20181129100805_09430114_004_01.h5
1903520,1903524,48.805152893066406,-18.670181274414062,236.12076,3.4781299,18.872498,3.3013308,943,gt3r,processed_ATL08_20181129100805_09430114_004_01.h5
1903525,1903529,48.80506896972656,-18.669281005859375,205.75098,10.3613825,18.221588,2.3005214,943,gt3r,processed_ATL08_20181129100805_09430114_004_01.h5
1903530,1903534,48.80497741699219,-18.668380737304688,214.3413,8.070193,10.348114,2.9236875,943,gt3r,processed_ATL08_20181129100805_09430114_004_01.h5
1903535,1903539,48.80487823486328,-18.66748046875,229.93246,,21.653732,,943,gt3r,processed_ATL08_20181129100805_09430114_004_01.h5
1903540,1903544,48.80478286743164,-18.666580200195312,229.07706,6.9712186,9.990372,2.834146,943,gt3r,processed_ATL08_20181129100805_09430114_004_01.h5
1903545,1903549,48.804691314697266,-18.665679931640625,201.79602,,25.269028,,943,gt3r,processed_ATL08_20181129100805_09430114_004_01.h5
1903550,1903554,48.804603576660156,-18.664779663085938,168.00279,5.1376314,22.417328,4.844957,943,gt3r,processed_ATL08_20181129100805_09430114_004_01.h5
1903555,1903559,48.80451202392578,-18.66387939453125,155.06802,,21.530426,,943,gt3r,processed_ATL08_20181129100805_09430114_004_01.h5
1903560,1903564,48.80442428588867,-18.66297721862793,147.35048,5.0275955,20.407227,2.868099,943,gt3r,processed_ATL08_20181129100805_09430114_004_01.h5
1903565,1903569,48.80432891845703,-18.662078857421875,171.57326,,21.32492,,943,gt3r,processed_ATL08_20181129100805_09430114_004_01.h5
1903570,1903574,48.80424118041992,-18.661178588867188,135.72409,8.132018,49.853905,8.436718,943,gt3r,processed_ATL08_20181129100805_09430114_004_01.h5
1904055,1904059,48.79557418823242,-18.573827743530273,497.8236,,15.996277,,943,gt3r,processed_ATL08_20181129100805_09430114_004_01.h5
1899039,1899043,48.88901901245117,-19.476810455322266,-2.5889158,0.04428474,5.3442073,0.05663839,943,gt3l,processed_ATL08_20181129100805_09430114_004_01.h5
1899044,1899048,48.88893127441406,-19.475910186767578,-2.503003,0.069237225,5.5640626,0.08750507,943,gt3l,processed_ATL08_20181129100805_09430114_004_01.h5
1899049,1899053,48.88883972167969,-19.47500991821289,-2.464329,0.096351005,7.004693,0.16294836,943,gt3l,processed_ATL08_20181129100805_09430114_004_01.h5
1899054,1899058,48.88874816894531,-19.474109649658203,-1.7910426,0.035692938,6.2652545,0.078574,943,gt3l,processed_ATL08_20181129100805_09430114_004_01.h5
1899059,1899063,48.88866424560547,-19.473209381103516,-2.057433,0.036285453,6.797767,0.07416768,943,gt3l,processed_ATL08_20181129100805_09430114_004_01.h5
1899064,1899068,48.88857650756836,-19.472309112548828,-1.6343143,0.028357385,6.6360145,0.073315024,943,gt3l,processed_ATL08_20181129100805_09430114_004_01.h5
1899074,1899078,48.888397216796875,-19.470508575439453,-1.4514447,0.030627126,,,943,gt3l,processed_ATL08_20181129100805_09430114_004_01.h5
1899079,1899083,48.888309478759766,-19.469608306884766,-1.5233796,0.035549138,4.0078945,0.06740999,943,gt3l,processed_ATL08_20181129100805_09430114_004_01.h5
1899089,1899093,48.88813400268555,-19.467805862426758,-0.13477528,0.068801105,11.542008,0.3504727,943,gt3l,processed_ATL08_20181129100805_09430114_004_01.h5
1899094,1899098,48.88804626464844,-19.46690559387207,-0.37612793,,14.0130005,,943,gt3l,processed_ATL08_20181129100805_09430114_004_01.h5
1899099,1899103,48.88795471191406,-19.466005325317383,1.7453074,,13.898566,,943,gt3l,processed_ATL08_20181129100805_09430114_004_01.h5
1899104,1899108,48.88786697387695,-19.465105056762695,4.5340466,,13.893037,,943,gt3l,processed_ATL08_20181129100805_09430114_004_01.h5
1899109,1899113,48.887779235839844,-19.464204788208008,3.9460452,0.41560692,14.055067,0.7519806,943,gt3l,processed_ATL08_20181129100805_09430114_004_01.h5
1899114,1899118,48.887691497802734,-19.46330451965332,0.6836058,0.03618075,12.305536,0.24995132,943,gt3l,processed_ATL08_20181129100805_09430114_004_01.h5
1899119,1899123,48.88759994506836,-19.462404251098633,7.2588596,0.9136161,9.050929,0.42713836,943,gt3l,processed_ATL08_20181129100805_09430114_004_01.h5
1899124,1899128,48.887516021728516,-19.461502075195312,17.993727,,6.3501835,,943,gt3l,processed_ATL08_20181129100805_09430114_004_01.h5
1899129,1899133,48.887428283691406,-19.460601806640625,15.710968,1.8083929,10.258358,1.2528764,943,gt3l,processed_ATL08_20181129100805_09430114_004_01.h5
1899134,1899138,48.8873405456543,-19.459701538085938,7.0992,,13.577393,,943,gt3l,processed_ATL08_20181129100805_09430114_004_01.h5
1899139,1899143,48.88725662231445,-19.45880126953125,0.10395724,0.007865245,6.015009,0.09488631,943,gt3l,processed_ATL08_20181129100805_09430114_004_01.h5
1899144,1899148,48.88716506958008,-19.457901000976562,0.22333692,0.01362105,8.205889,0.20943126,943,gt3l,processed_ATL08_20181129100805_09430114_004_01.h5
1899149,1899153,48.88707733154297,-19.457000732421875,4.1732383,0.8704919,11.164058,0.4928895,943,gt3l,processed_ATL08_20181129100805_09430114_004_01.h5
1899154,1899158,48.886993408203125,-19.456098556518555,1.929214,0.36061475,10.579573,0.6878915,943,gt3l,processed_ATL08_20181129100805_09430114_004_01.h5
1899159,1899163,48.88690185546875,-19.455198287963867,-0.38323626,0.03020001,11.925724,0.111486636,943,gt3l,processed_ATL08_20181129100805_09430114_004_01.h5
1899164,1899168,48.88681411743164,-19.45429801940918,1.202165,0.043956608,11.023482,0.2824108,943,gt3l,processed_ATL08_20181129100805_09430114_004_01.h5
1899169,1899173,48.8867301940918,-19.453397750854492,6.892075,,8.21386,,943,gt3l,processed_ATL08_20181129100805_09430114_004_01.h5
1899174,1899178,48.88663864135742,-19.452497482299805,8.968436,1.7588927,14.082149,1.6131,943,gt3l,processed_ATL08_20181129100805_09430114_004_01.h5
1899179,1899183,48.88654708862305,-19.451597213745117,14.712353,2.0688326,14.831212,1.2517825,943,gt3l,processed_ATL08_20181129100805_09430114_004_01.h5
1899184,1899188,48.8864631652832,-19.45069694519043,13.283945,2.2686818,13.336323,2.3202965,943,gt3l,processed_ATL08_20181129100805_09430114_004_01.h5
1899189,1899193,48.88637924194336,-19.44979476928711,4.5306044,0.42439753,19.10037,1.1375029,943,gt3l,processed_ATL08_20181129100805_09430114_004_01.h5
1899194,1899198,48.886287689208984,-19.448894500732422,1.1408145,,20.940022,,943,gt3l,processed_ATL08_20181129100805_09430114_004_01.h5
1899199,1899203,48.88619613647461,-19.447994232177734,4.3876767,0.84598553,10.995931,0.7597397,943,gt3l,processed_ATL08_20181129100805_09430114_004_01.h5
1899204,1899208,48.886112213134766,-19.447093963623047,7.2001896,0.64515615,11.805695,0.5792139,943,gt3l,processed_ATL08_20181129100805_09430114_004_01.h5
1899209,1899213,48.886024475097656,-19.44619369506836,3.0706854,0.22693025,14.504697,0.50708,943,gt3l,processed_ATL08_20181129100805_09430114_004_01.h5
1899214,1899218,48.88593673706055,-19.445293426513672,4.2626514,,16.740051,,943,gt3l,processed_ATL08_20181129100805_09430114_004_01.h5
1899219,1899223,48.88584899902344,-19.444393157958984,-1.2168099,0.04473912,13.898188,0.38672528,943,gt3l,processed_ATL08_20181129100805_09430114_004_01.h5
1899224,1899228,48.88575744628906,-19.443490982055664,-3.5026107,,15.705555,,943,gt3l,processed_ATL08_20181129100805_09430114_004_01.h5
1899229,1899233,48.88566970825195,-19.442590713500977,-4.3287,0.08101925,12.572737,0.11809329,943,gt3l,processed_ATL08_20181129100805_09430114_004_01.h5
1899234,1899238,48.885581970214844,-19.44169044494629,-4.193777,0.051368944,6.711433,0.0575231,943,gt3l,processed_ATL08_20181129100805_09430114_004_01.h5
1899239,1899243,48.885494232177734,-19.4407901763916,-4.1693954,0.06390046,6.4052467,0.06093857,943,gt3l,processed_ATL08_20181129100805_09430114_004_01.h5
1899244,1899248,48.88540267944336,-19.439889907836914,-4.094401,0.10530212,9.998402,0.12102275,943,gt3l,processed_ATL08_20181129100805_09430114_004_01.h5
1899249,1899253,48.885311126708984,-19.438989639282227,-2.7473936,0.031199895,15.139476,0.19687742,943,gt3l,processed_ATL08_20181129100805_09430114_004_01.h5
1899254,1899258,48.88521957397461,-19.43808937072754,0.5438839,0.009707059,12.348884,0.15413514,943,gt3l,processed_ATL08_20181129100805_09430114_004_01.h5
1899259,1899263,48.8851318359375,-19.43718910217285,1.8987516,0.1618213,17.422382,0.6460151,943,gt3l,processed_ATL08_20181129100805_09430114_004_01.h5
1899264,1899268,48.885040283203125,-19.436288833618164,22.528967,,12.550121,,943,gt3l,processed_ATL08_20181129100805_09430114_004_01.h5
1899269,1899273,48.884952545166016,-19.435388565063477,16.178947,,16.483692,,943,gt3l,processed_ATL08_20181129100805_09430114_004_01.h5
1899274,1899278,48.884864807128906,-19.43448829650879,11.325202,,18.611908,,943,gt3l,processed_ATL08_20181129100805_09430114_004_01.h5
1899279,1899283,48.8847770690918,-19.4335880279541,10.982708,,15.462633,,943,gt3l,processed_ATL08_20181129100805_09430114_004_01.h5
1899294,1899298,48.88450241088867,-19.43088722229004,22.895134,7.6956296,17.971485,5.6574416,943,gt3l,processed_ATL08_20181129100805_09430114_004_01.h5
1899299,1899303,48.8844108581543,-19.42998695373535,26.297676,,18.715565,,943,gt3l,processed_ATL08_20181129100805_09430114_004_01.h5
1899304,1899308,48.88432312011719,-19.429086685180664,28.263327,3.2155473,16.225471,3.1376827,943,gt3l,processed_ATL08_20181129100805_09430114_004_01.h5
1899309,1899313,48.88423538208008,-19.428186416625977,33.84726,3.3615565,7.2430496,2.217533,943,gt3l,processed_ATL08_20181129100805_09430114_004_01.h5
1899314,1899318,48.8841438293457,-19.427284240722656,22.298676,,18.980677,,943,gt3l,processed_ATL08_20181129100805_09430114_004_01.h5
1899319,1899323,48.88404846191406,-19.4263858795166,20.8803,2.543379,20.185307,2.240211,943,gt3l,processed_ATL08_20181129100805_09430114_004_01.h5
1899324,1899328,48.88396072387695,-19.425485610961914,26.891521,4.1237264,18.092072,1.3550324,943,gt3l,processed_ATL08_20181129100805_09430114_004_01.h5
1899329,1899333,48.88386917114258,-19.424585342407227,17.468813,,22.402744,,943,gt3l,processed_ATL08_20181129100805_09430114_004_01.h5
1899334,1899337,48.88378143310547,-19.423683166503906,4.5510406,0.5688656,19.328438,1.4356024,943,gt3l,processed_ATL08_20181129100805_09430114_004_01.h5
1899339,1899343,48.883689880371094,-19.42278289794922,3.9980483,0.5558434,13.386324,0.9810809,943,gt3l,processed_ATL08_20181129100805_09430114_004_01.h5
1899344,1899348,48.88359832763672,-19.42188262939453,3.1465855,0.02827296,15.803186,0.16359898,943,gt3l,processed_ATL08_20181129100805_09430114_004_01.h5
1899349,1899353,48.88350296020508,-19.420984268188477,2.5912697,,23.007973,,943,gt3l,processed_ATL08_20181129100805_09430114_004_01.h5
1899354,1899358,48.88341522216797,-19.42008399963379,-0.21878675,,9.260814,,943,gt3l,processed_ATL08_20181129100805_09430114_004_01.h5
1899359,1899363,48.88331985473633,-19.4191837310791,7.048037,,20.05965,,943,gt3l,processed_ATL08_20181129100805_09430114_004_01.h5
1899364,1899368,48.88323211669922,-19.418283462524414,8.70008,,12.968397,,943,gt3l,processed_ATL08_20181129100805_09430114_004_01.h5
1899369,1899373,48.88313674926758,-19.417383193969727,7.3727045,,17.865658,,943,gt3l,processed_ATL08_20181129100805_09430114_004_01.h5
1899374,1899378,48.8830451965332,-19.41648292541504,6.6167316,0.20889835,16.142721,0.39310262,943,gt3l,processed_ATL08_20181129100805_09430114_004_01.h5
1899379,1899383,48.88294982910156,-19.41558265686035,8.508101,0.691189,9.904044,1.1336044,943,gt3l,processed_ATL08_20181129100805_09430114_004_01.h5
1899384,1899388,48.88285827636719,-19.414682388305664,13.04714,3.052069,14.581912,1.2050662,943,gt3l,processed_ATL08_20181129100805_09430114_004_01.h5
1899389,1899393,48.88276672363281,-19.413782119750977,20.141985,2.7665532,14.6336155,1.1366302,943,gt3l,processed_ATL08_20181129100805_09430114_004_01.h5
1899394,1899398,48.88267517089844,-19.41288185119629,10.588172,,16.408258,,943,gt3l,processed_ATL08_20181129100805_09430114_004_01.h5
1899399,1899403,48.8825798034668,-19.4119815826416,8.966327,0.10966718,11.473654,0.21101922,943,gt3l,processed_ATL08_20181129100805_09430114_004_01.h5
1899404,1899408,48.88248825073242,-19.411081314086914,9.293238,1.3711649,12.380961,0.7430872,943,gt3l,processed_ATL08_20181129100805_09430114_004_01.h5
1899409,1899413,48.88239288330078,-19.41018295288086,19.2595,,12.2182255,,943,gt3l,processed_ATL08_20181129100805_09430114_004_01.h5
1899414,1899418,48.882301330566406,-19.409282684326172,14.843541,0.56693375,11.044918,0.9538713,943,gt3l,processed_ATL08_20181129100805_09430114_004_01.h5
1899419,1899423,48.882205963134766,-19.408382415771484,11.657188,,10.808671,,943,gt3l,processed_ATL08_20181129100805_09430114_004_01.h5
1899424,1899428,48.882110595703125,-19.407482147216797,11.052712,0.24189128,9.864085,0.47440407,943,gt3l,processed_ATL08_20181129100805_09430114_004_01.h5
1899429,1899433,48.882015228271484,-19.40658187866211,9.577791,1.210233,27.853615,0.93888634,943,gt3l,processed_ATL08_20181129100805_09430114_004_01.h5
1899434,1899438,48.88192367553711,-19.405681610107422,14.457187,,27.589357,,943,gt3l,processed_ATL08_20181129100805_09430114_004_01.h5
1899439,1899443,48.881832122802734,-19.404781341552734,8.889214,2.2877853,13.434116,1.7823424,943,gt3l,processed_ATL08_20181129100805_09430114_004_01.h5
1899444,1899448,48.881736755371094,-19.40388298034668,9.436039,1.8162539,13.8976555,0.6261391,943,gt3l,processed_ATL08_20181129100805_09430114_004_01.h5
1899449,1899453,48.88164138793945,-19.402982711791992,24.702282,3.6070805,10.392289,0.97751373,943,gt3l,processed_ATL08_20181129100805_09430114_004_01.h5
1899454,1899458,48.88154602050781,-19.402082443237305,29.441725,4.4750752,8.087769,1.3815887,943,gt3l,processed_ATL08_20181129100805_09430114_004_01.h5
1899459,1899463,48.88145446777344,-19.401182174682617,10.985008,1.0932529,14.306242,0.9763183,943,gt3l,processed_ATL08_20181129100805_09430114_004_01.h5
1899464,1899468,48.881351470947266,-19.400283813476562,18.910353,3.78362,14.285358,0.97740334,943,gt3l,processed_ATL08_20181129100805_09430114_004_01.h5
1899469,1899473,48.881256103515625,-19.399383544921875,29.245956,,9.068741,,943,gt3l,processed_ATL08_20181129100805_09430114_004_01.h5
1899474,1899478,48.88116455078125,-19.398483276367188,10.15969,1.6101495,15.3214445,1.175204,943,gt3l,processed_ATL08_20181129100805_09430114_004_01.h5
1899479,1899483,48.88106918334961,-19.3975830078125,6.7169666,0.5837849,10.443601,0.3364337,943,gt3l,processed_ATL08_20181129100805_09430114_004_01.h5
1899484,1899488,48.88097381591797,-19.396684646606445,5.768126,0.092309,10.085375,0.15528403,943,gt3l,processed_ATL08_20181129100805_09430114_004_01.h5
1899489,1899493,48.88087844848633,-19.395784378051758,6.480182,0.109504715,8.444462,0.1717328,943,gt3l,processed_ATL08_20181129100805_09430114_004_01.h5
1899494,1899498,48.88078308105469,-19.39488410949707,7.606657,0.827298,12.349595,0.99453735,943,gt3l,processed_ATL08_20181129100805_09430114_004_01.h5
1899499,1899503,48.88068389892578,-19.393983840942383,16.6939,1.5556638,14.325178,1.6021215,943,gt3l,processed_ATL08_20181129100805_09430114_004_01.h5
1899504,1899508,48.880584716796875,-19.393085479736328,24.154484,5.043498,13.639032,2.9374037,943,gt3l,processed_ATL08_20181129100805_09430114_004_01.h5
1899509,1899513,48.880489349365234,-19.39218521118164,27.572912,,12.497269,,943,gt3l,processed_ATL08_20181129100805_09430114_004_01.h5
1899519,1899523,48.88029861450195,-19.390384674072266,35.222355,,11.451168,,943,gt3l,processed_ATL08_20181129100805_09430114_004_01.h5
1899524,1899528,48.88020324707031,-19.38948631286621,31.748745,,14.181633,,943,gt3l,processed_ATL08_20181129100805_09430114_004_01.h5
1899529,1899533,48.88010787963867,-19.388586044311523,14.918565,1.7223908,13.385086,2.2636006,943,gt3l,processed_ATL08_20181129100805_09430114_004_01.h5
1899544,1899548,48.87981033325195,-19.385887145996094,60.86084,,17.731392,,943,gt3l,processed_ATL08_20181129100805_09430114_004_01.h5
1899549,1899553,48.87970733642578,-19.38498878479004,56.263367,,9.521511,,943,gt3l,processed_ATL08_20181129100805_09430114_004_01.h5
1899554,1899558,48.87961196899414,-19.38408851623535,45.49423,4.6391063,11.804878,4.0046196,943,gt3l,processed_ATL08_20181129100805_09430114_004_01.h5
1899559,1899563,48.879520416259766,-19.383188247680664,32.675697,,11.266056,,943,gt3l,processed_ATL08_20181129100805_09430114_004_01.h5
1899564,1899568,48.87942123413086,-19.382287979125977,26.40667,0.50757056,10.688198,0.7998195,943,gt3l,processed_ATL08_20181129100805_09430114_004_01.h5
1899569,1899573,48.87932205200195,-19.381389617919922,34.863804,2.5005934,12.285843,1.7299457,943,gt3l,processed_ATL08_20181129100805_09430114_004_01.h5
1899579,1899583,48.879119873046875,-19.37959098815918,49.049164,7.8122954,9.621399,3.4585288,943,gt3l,processed_ATL08_20181129100805_09430114_004_01.h5
1899584,1899588,48.879024505615234,-19.378690719604492,45.656616,4.2326903,10.359413,2.9553554,943,gt3l,processed_ATL08_20181129100805_09430114_004_01.h5
1899589,1899593,48.878929138183594,-19.377790451049805,40.824394,10.061392,10.556763,3.0109448,943,gt3l,processed_ATL08_20181129100805_09430114_004_01.h5
1899594,1899598,48.87882995605469,-19.37689208984375,26.6264,6.668514,15.8828125,5.535131,943,gt3l,processed_ATL08_20181129100805_09430114_004_01.h5
1899599,1899603,48.878726959228516,-19.375991821289062,24.275942,,17.290089,,943,gt3l,processed_ATL08_20181129100805_09430114_004_01.h5
1899604,1899608,48.87862777709961,-19.375093460083008,22.169798,1.2450144,10.8385105,1.1691453,943,gt3l,processed_ATL08_20181129100805_09430114_004_01.h5
1899609,1899613,48.87853240966797,-19.37419319152832,22.049053,0.73045975,8.484455,0.9093696,943,gt3l,processed_ATL08_20181129100805_09430114_004_01.h5
1899614,1899618,48.8784294128418,-19.373292922973633,29.333803,5.6629977,15.992102,3.278181,943,gt3l,processed_ATL08_20181129100805_09430114_004_01.h5
1899619,1899623,48.87833023071289,-19.372394561767578,33.723637,5.7697635,16.231762,2.372209,943,gt3l,processed_ATL08_20181129100805_09430114_004_01.h5
1899624,1899628,48.878231048583984,-19.37149429321289,37.204865,,17.69001,,943,gt3l,processed_ATL08_20181129100805_09430114_004_01.h5
1899629,1899633,48.87813186645508,-19.370595932006836,37.854008,7.636935,17.856186,4.685402,943,gt3l,processed_ATL08_20181129100805_09430114_004_01.h5
1899634,1899638,48.87803268432617,-19.36969566345215,37.627632,,11.932743,,943,gt3l,processed_ATL08_20181129100805_09430114_004_01.h5
1899639,1899643,48.877933502197266,-19.368797302246094,27.083584,0.50828177,16.634222,0.8057367,943,gt3l,processed_ATL08_20181129100805_09430114_004_01.h5
1899644,1899648,48.877830505371094,-19.367897033691406,31.714245,2.9677649,16.667126,2.677184,943,gt3l,processed_ATL08_20181129100805_09430114_004_01.h5
1899649,1899653,48.87772750854492,-19.36699867248535,38.639557,,18.882782,,943,gt3l,processed_ATL08_20181129100805_09430114_004_01.h5
1899654,1899658,48.87763214111328,-19.366098403930664,28.440996,0.69726884,18.286484,1.1549582,943,gt3l,processed_ATL08_20181129100805_09430114_004_01.h5
1899659,1899663,48.87753677368164,-19.365198135375977,28.873505,,15.782387,,943,gt3l,processed_ATL08_20181129100805_09430114_004_01.h5
1899664,1899668,48.87743377685547,-19.364299774169922,29.012854,,9.864954,,943,gt3l,processed_ATL08_20181129100805_09430114_004_01.h5
1899669,1899673,48.8773307800293,-19.363399505615234,30.862656,5.109641,8.294323,2.4206777,943,gt3l,processed_ATL08_20181129100805_09430114_004_01.h5
1899674,1899678,48.87723159790039,-19.36250114440918,30.217117,2.1501672,7.9562397,2.379748,943,gt3l,processed_ATL08_20181129100805_09430114_004_01.h5
1899679,1899683,48.877132415771484,-19.361600875854492,28.996296,,14.216644,,943,gt3l,processed_ATL08_20181129100805_09430114_004_01.h5
1899684,1899688,48.87702941894531,-19.360702514648438,30.144857,,24.988323,,943,gt3l,processed_ATL08_20181129100805_09430114_004_01.h5
1899689,1899693,48.876930236816406,-19.35980224609375,29.33848,0.56472826,23.303423,1.006205,943,gt3l,processed_ATL08_20181129100805_09430114_004_01.h5
1899694,1899698,48.8768310546875,-19.358903884887695,31.825333,,17.124718,,943,gt3l,processed_ATL08_20181129100805_09430114_004_01.h5
1899699,1899703,48.87672805786133,-19.358003616333008,39.55145,,12.408493,,943,gt3l,processed_ATL08_20181129100805_09430114_004_01.h5
1899704,1899708,48.87662124633789,-19.357105255126953,39.922997,,14.751457,,943,gt3l,processed_ATL08_20181129100805_09430114_004_01.h5
1899714,1899718,48.876426696777344,-19.35530662536621,47.645428,9.700498,11.546894,3.9356854,943,gt3l,processed_ATL08_20181129100805_09430114_004_01.h5
1899719,1899723,48.87632369995117,-19.354406356811523,63.489513,9.118596,9.447475,6.751016,943,gt3l,processed_ATL08_20181129100805_09430114_004_01.h5
1899724,1899728,48.876216888427734,-19.35350799560547,67.61275,8.4663,27.399773,4.5715775,943,gt3l,processed_ATL08_20181129100805_09430114_004_01.h5
1899729,1899733,48.87611770629883,-19.35260772705078,73.71962,,20.65046,,943,gt3l,processed_ATL08_20181129100805_09430114_004_01.h5
1899734,1899738,48.87601852416992,-19.351709365844727,48.307278,2.6573062,22.736378,3.0415208,943,gt3l,processed_ATL08_20181129100805_09430114_004_01.h5
1899739,1899743,48.87591552734375,-19.35080909729004,50.99776,,19.323875,,943,gt3l,processed_ATL08_20181129100805_09430114_004_01.h5
1899744,1899748,48.875816345214844,-19.349910736083984,48.107464,5.376466,17.463722,3.7656305,943,gt3l,processed_ATL08_20181129100805_09430114_004_01.h5
1899749,1899753,48.87571334838867,-19.349010467529297,57.92387,7.24357,11.97398,2.3789608,943,gt3l,processed_ATL08_20181129100805_09430114_004_01.h5
1899754,1899758,48.8756103515625,-19.348112106323242,67.92378,,13.901688,,943,gt3l,processed_ATL08_20181129100805_09430114_004_01.h5
1899759,1899763,48.87551498413086,-19.347211837768555,51.466663,10.916386,15.145321,3.6559587,943,gt3l,processed_ATL08_20181129100805_09430114_004_01.h5
1899769,1899773,48.875308990478516,-19.345413208007812,62.44005,,21.045277,,943,gt3l,processed_ATL08_20181129100805_09430114_004_01.h5
1899779,1899783,48.87511444091797,-19.34361457824707,71.68582,,9.051605,,943,gt3l,processed_ATL08_20181129100805_09430114_004_01.h5
1899784,1899788,48.87500762939453,-19.342716217041016,62.929066,1.7579117,11.260399,2.1488764,943,gt3l,processed_ATL08_20181129100805_09430114_004_01.h5
1899789,1899793,48.87490463256836,-19.341815948486328,62.852203,1.5728548,12.807293,1.8794103,943,gt3l,processed_ATL08_20181129100805_09430114_004_01.h5
1899794,1899798,48.87480545043945,-19.340917587280273,61.168915,0.82628495,12.145737,1.106238,943,gt3l,processed_ATL08_20181129100805_09430114_004_01.h5
1899799,1899803,48.87471389770508,-19.340017318725586,63.454666,1.2707094,14.650959,1.5348548,943,gt3l,processed_ATL08_20181129100805_09430114_004_01.h5
1899804,1899808,48.874610900878906,-19.3391170501709,56.807693,7.149191,11.961365,4.3874497,943,gt3l,processed_ATL08_20181129100805_09430114_004_01.h5
1899809,1899813,48.87451171875,-19.338218688964844,51.425983,9.10325,13.380779,3.8042753,943,gt3l,processed_ATL08_20181129100805_09430114_004_01.h5
1899814,1899818,48.87440872192383,-19.337318420410156,37.382263,,18.79998,,943,gt3l,processed_ATL08_20181129100805_09430114_004_01.h5
1899819,1899823,48.87431335449219,-19.3364200592041,18.49515,0.45755196,15.589712,0.85901105,943,gt3l,processed_ATL08_20181129100805_09430114_004_01.h5
1899824,1899828,48.87421417236328,-19.335519790649414,17.690657,1.2409179,8.939848,1.0323977,943,gt3l,processed_ATL08_20181129100805_09430114_004_01.h5
1899829,1899833,48.874114990234375,-19.33462142944336,17.132063,0.33088365,18.96212,0.5500166,943,gt3l,processed_ATL08_20181129100805_09430114_004_01.h5
1899834,1899838,48.87400817871094,-19.333721160888672,17.868235,,21.605751,,943,gt3l,processed_ATL08_20181129100805_09430114_004_01.h5
1899839,1899843,48.8739128112793,-19.332822799682617,13.946196,,19.74351,,943,gt3l,processed_ATL08_20181129100805_09430114_004_01.h5
1899844,1899848,48.87381362915039,-19.33192253112793,10.4408045,0.48480424,16.580479,1.1597894,943,gt3l,processed_ATL08_20181129100805_09430114_004_01.h5
1899849,1899853,48.873714447021484,-19.331022262573242,6.7848687,,18.02018,,943,gt3l,processed_ATL08_20181129100805_09430114_004_01.h5
1899854,1899858,48.87361526489258,-19.330123901367188,7.3259635,0.143554,11.483973,0.35645613,943,gt3l,processed_ATL08_20181129100805_09430114_004_01.h5
1899859,1899863,48.87351608276367,-19.3292236328125,9.63637,0.56842905,18.327824,0.9557619,943,gt3l,processed_ATL08_20181129100805_09430114_004_01.h5
1899864,1899868,48.8734130859375,-19.328325271606445,12.908708,,22.05317,,943,gt3l,processed_ATL08_20181129100805_09430114_004_01.h5
1899874,1899878,48.87321853637695,-19.32652473449707,19.562233,,12.92379,,943,gt3l,processed_ATL08_20181129100805_09430114_004_01.h5
1899879,1899883,48.87311935424805,-19.325626373291016,20.392876,,16.94896,,943,gt3l,processed_ATL08_20181129100805_09430114_004_01.h5
1899884,1899888,48.873023986816406,-19.324726104736328,19.290087,,18.43551,,943,gt3l,processed_ATL08_20181129100805_09430114_004_01.h5
1899889,1899893,48.8729248046875,-19.32382583618164,9.491399,0.4867318,19.962818,1.1399853,943,gt3l,processed_ATL08_20181129100805_09430114_004_01.h5
1899894,1899898,48.87282180786133,-19.322927474975586,7.22244,0.6055338,18.474323,1.4285451,943,gt3l,processed_ATL08_20181129100805_09430114_004_01.h5
1899899,1899903,48.87272262573242,-19.3220272064209,17.345287,,14.662802,,943,gt3l,processed_ATL08_20181129100805_09430114_004_01.h5
1899904,1899908,48.87262725830078,-19.321128845214844,15.130258,0.7754134,9.656977,1.0418862,943,gt3l,processed_ATL08_20181129100805_09430114_004_01.h5
1899909,1899913,48.87253189086914,-19.320228576660156,6.001707,0.3672056,12.159256,1.0171776,943,gt3l,processed_ATL08_20181129100805_09430114_004_01.h5
1899914,1899918,48.87242889404297,-19.31932830810547,11.004419,,15.07024,,943,gt3l,processed_ATL08_20181129100805_09430114_004_01.h5
1899919,1899923,48.87232971191406,-19.318429946899414,18.212412,2.0001538,9.096422,1.8683083,943,gt3l,processed_ATL08_20181129100805_09430114_004_01.h5
1899924,1899928,48.872230529785156,-19.317529678344727,17.242334,,11.942474,,943,gt3l,processed_ATL08_20181129100805_09430114_004_01.h5
1899929,1899933,48.87213897705078,-19.31662940979004,14.687771,3.692116,12.938753,1.4853952,943,gt3l,processed_ATL08_20181129100805_09430114_004_01.h5
1899934,1899938,48.872039794921875,-19.315731048583984,15.14665,,13.003088,,943,gt3l,processed_ATL08_20181129100805_09430114_004_01.h5
1899939,1899943,48.87194061279297,-19.314830780029297,11.0559225,,15.533766,,943,gt3l,processed_ATL08_20181129100805_09430114_004_01.h5
1899944,1899948,48.87184143066406,-19.31393051147461,9.126207,0.1844392,11.470706,0.31966877,943,gt3l,processed_ATL08_20181129100805_09430114_004_01.h5
1899949,1899953,48.87174606323242,-19.313032150268555,12.90294,,25.1627,,943,gt3l,processed_ATL08_20181129100805_09430114_004_01.h5
1899954,1899958,48.871646881103516,-19.312131881713867,13.603043,1.6434503,28.32911,2.1241286,943,gt3l,processed_ATL08_20181129100805_09430114_004_01.h5
1899959,1899963,48.871551513671875,-19.31123161315918,19.749916,3.6735668,23.259937,3.1271663,943,gt3l,processed_ATL08_20181129100805_09430114_004_01.h5
1899964,1899968,48.87145233154297,-19.310333251953125,36.042934,,15.873613,,943,gt3l,processed_ATL08_20181129100805_09430114_004_01.h5
1899969,1899973,48.87135696411133,-19.309432983398438,22.143064,2.7335773,15.022991,1.0199072,943,gt3l,processed_ATL08_20181129100805_09430114_004_01.h5
1899974,1899978,48.87126159667969,-19.30853271484375,16.014738,0.3131877,16.158474,0.49789104,943,gt3l,processed_ATL08_20181129100805_09430114_004_01.h5
1899979,1899983,48.87116622924805,-19.307632446289062,14.445851,0.6307453,10.481375,0.5964869,943,gt3l,processed_ATL08_20181129100805_09430114_004_01.h5
1899984,1899988,48.871070861816406,-19.306734085083008,13.667518,0.6343413,6.798169,0.8928611,943,gt3l,processed_ATL08_20181129100805_09430114_004_01.h5
1899989,1899993,48.870975494384766,-19.30583381652832,13.2569065,,9.867,,943,gt3l,processed_ATL08_20181129100805_09430114_004_01.h5
1899994,1899998,48.870880126953125,-19.304933547973633,15.329256,0.3047072,11.959639,0.5498322,943,gt3l,processed_ATL08_20181129100805_09430114_004_01.h5
1899999,1900003,48.87078094482422,-19.304033279418945,17.965048,,13.254606,,943,gt3l,processed_ATL08_20181129100805_09430114_004_01.h5
1900004,1900008,48.87068557739258,-19.30313491821289,19.987,6.8054976,13.299868,6.505213,943,gt3l,processed_ATL08_20181129100805_09430114_004_01.h5
1900009,1900013,48.87059020996094,-19.302234649658203,24.312008,5.2700257,25.301968,2.6007736,943,gt3l,processed_ATL08_20181129100805_09430114_004_01.h5
1900014,1900018,48.87049102783203,-19.301334381103516,39.972656,7.7462015,17.958916,2.8645773,943,gt3l,processed_ATL08_20181129100805_09430114_004_01.h5
1900019,1900023,48.870399475097656,-19.300434112548828,44.807816,,17.5181,,943,gt3l,processed_ATL08_20181129100805_09430114_004_01.h5
1900024,1900028,48.870304107666016,-19.29953384399414,24.124123,4.8179975,22.344072,2.0991955,943,gt3l,processed_ATL08_20181129100805_09430114_004_01.h5
1900029,1900033,48.87021255493164,-19.298635482788086,17.919224,,26.350323,,943,gt3l,processed_ATL08_20181129100805_09430114_004_01.h5
1900034,1900038,48.8701171875,-19.2977352142334,17.51408,,25.404078,,943,gt3l,processed_ATL08_20181129100805_09430114_004_01.h5
1900044,1900048,48.86993408203125,-19.295934677124023,9.063326,,22.108482,,943,gt3l,processed_ATL08_20181129100805_09430114_004_01.h5
1900049,1900053,48.86983871459961,-19.295034408569336,8.000557,0.38104248,14.651412,0.82289374,943,gt3l,processed_ATL08_20181129100805_09430114_004_01.h5
1900054,1900058,48.8697395324707,-19.29413414001465,24.750439,,18.7764,,943,gt3l,processed_ATL08_20181129100805_09430114_004_01.h5
1900059,1900063,48.86964416503906,-19.293235778808594,20.35175,2.7469766,17.740082,1.4902583,943,gt3l,processed_ATL08_20181129100805_09430114_004_01.h5
1900064,1900068,48.86954879760742,-19.292335510253906,29.21683,7.671781,18.068693,2.8318393,943,gt3l,processed_ATL08_20181129100805_09430114_004_01.h5
1900069,1900073,48.86945724487305,-19.29143524169922,29.462723,,24.79169,,943,gt3l,processed_ATL08_20181129100805_09430114_004_01.h5
1900074,1900078,48.86936569213867,-19.29053497314453,11.979761,0.21664877,23.640924,0.49731708,943,gt3l,processed_ATL08_20181129100805_09430114_004_01.h5
1900079,1900083,48.8692741394043,-19.289634704589844,11.574239,1.5854967,12.109901,1.1493591,943,gt3l,processed_ATL08_20181129100805_09430114_004_01.h5
1900084,1900088,48.869178771972656,-19.288734436035156,19.47201,,17.670788,,943,gt3l,processed_ATL08_20181129100805_09430114_004_01.h5
1900094,1900098,48.868988037109375,-19.286935806274414,32.445755,3.6423085,20.004848,3.5076873,943,gt3l,processed_ATL08_20181129100805_09430114_004_01.h5
1900099,1900103,48.868896484375,-19.286035537719727,43.8737,,17.650532,,943,gt3l,processed_ATL08_20181129100805_09430114_004_01.h5
1900104,1900108,48.868804931640625,-19.28513526916504,48.31105,12.107853,17.416134,4.964667,943,gt3l,processed_ATL08_20181129100805_09430114_004_01.h5
1900109,1900113,48.86871337890625,-19.28423500061035,48.268845,9.500415,12.559216,5.416389,943,gt3l,processed_ATL08_20181129100805_09430114_004_01.h5
1900114,1900118,48.86862564086914,-19.283334732055664,26.228394,3.203339,18.493935,2.9845326,943,gt3l,processed_ATL08_20181129100805_09430114_004_01.h5
1900119,1900123,48.868534088134766,-19.282434463500977,14.956781,2.5844388,17.631449,1.8131689,943,gt3l,processed_ATL08_20181129100805_09430114_004_01.h5
1900124,1900128,48.86844253540039,-19.28153419494629,11.168919,1.202894,,,943,gt3l,processed_ATL08_20181129100805_09430114_004_01.h5
1900129,1900133,48.868343353271484,-19.2806339263916,16.200033,,34.006516,,943,gt3l,processed_ATL08_20181129100805_09430114_004_01.h5
1900134,1900138,48.86825180053711,-19.279733657836914,15.032114,2.3023183,33.311897,5.0387125,943,gt3l,processed_ATL08_20181129100805_09430114_004_01.h5
1900139,1900143,48.868160247802734,-19.278833389282227,9.525748,,29.116238,,943,gt3l,processed_ATL08_20181129100805_09430114_004_01.h5
1900144,1900148,48.868072509765625,-19.27793312072754,9.098777,0.71999556,28.091103,1.9218441,943,gt3l,processed_ATL08_20181129100805_09430114_004_01.h5
1900149,1900153,48.86798095703125,-19.27703285217285,10.041601,,27.766014,,943,gt3l,processed_ATL08_20181129100805_09430114_004_01.h5
1900154,1900158,48.86789321899414,-19.276132583618164,8.904724,1.5616003,22.528893,1.4174919,943,gt3l,processed_ATL08_20181129100805_09430114_004_01.h5
1900159,1900163,48.86780548095703,-19.275232315063477,7.8447165,,19.688627,,943,gt3l,processed_ATL08_20181129100805_09430114_004_01.h5
1900164,1900168,48.86771011352539,-19.27433204650879,13.004283,,21.73051,,943,gt3l,processed_ATL08_20181129100805_09430114_004_01.h5
1900169,1900173,48.867618560791016,-19.2734317779541,10.931259,,18.405708,,943,gt3l,processed_ATL08_20181129100805_09430114_004_01.h5
1900174,1900178,48.867530822753906,-19.272531509399414,1.8546821,0.024079131,20.64408,0.19214855,943,gt3l,processed_ATL08_20181129100805_09430114_004_01.h5
1900179,1900183,48.86743927001953,-19.271631240844727,1.0626012,0.15759908,24.29889,0.7860437,943,gt3l,processed_ATL08_20181129100805_09430114_004_01.h5
1900184,1900188,48.867347717285156,-19.27073097229004,0.33639133,,25.124973,,943,gt3l,processed_ATL08_20181129100805_09430114_004_01.h5
1900189,1900193,48.86726379394531,-19.26982879638672,-0.51211715,0.011876171,23.189728,0.31129783,943,gt3l,processed_ATL08_20181129100805_09430114_004_01.h5
1900194,1900198,48.86717224121094,-19.26892852783203,-1.4397568,0.029731404,7.5276685,0.17336859,943,gt3l,processed_ATL08_20181129100805_09430114_004_01.h5
1900199,1900203,48.86708068847656,-19.268028259277344,-1.3826988,,8.612371,,943,gt3l,processed_ATL08_20181129100805_09430114_004_01.h5
1900204,1900208,48.86699295043945,-19.267127990722656,-3.4277716,0.09578866,26.112762,0.38358495,943,gt3l,processed_ATL08_20181129100805_09430114_004_01.h5
1900209,1900213,48.86690139770508,-19.26622772216797,3.8881612,,25.401106,,943,gt3l,processed_ATL08_20181129100805_09430114_004_01.h5
1900219,1900223,48.866722106933594,-19.264427185058594,-4.355133,0.23328337,9.613446,0.13798027,943,gt3l,processed_ATL08_20181129100805_09430114_004_01.h5
1900224,1900228,48.866634368896484,-19.263526916503906,-1.4001034,,17.072788,,943,gt3l,processed_ATL08_20181129100805_09430114_004_01.h5
1900229,1900233,48.86654281616211,-19.26262664794922,3.622528,,24.827526,,943,gt3l,processed_ATL08_20181129100805_09430114_004_01.h5
1900234,1900237,48.866455078125,-19.26172637939453,12.166676,,24.41053,,943,gt3l,processed_ATL08_20181129100805_09430114_004_01.h5
1900239,1900243,48.86635971069336,-19.260826110839844,14.078583,,23.561485,,943,gt3l,processed_ATL08_20181129100805_09430114_004_01.h5
1900244,1900248,48.86627197265625,-19.259925842285156,11.000487,,24.660786,,943,gt3l,processed_ATL08_20181129100805_09430114_004_01.h5
1900249,1900253,48.866188049316406,-19.25902557373047,3.3763933,0.17939536,28.841496,0.94678634,943,gt3l,processed_ATL08_20181129100805_09430114_004_01.h5
1900254,1900258,48.86609649658203,-19.25812339782715,12.683309,,32.619102,,943,gt3l,processed_ATL08_20181129100805_09430114_004_01.h5
1900259,1900263,48.866004943847656,-19.257225036621094,9.993917,,32.988945,,943,gt3l,processed_ATL08_20181129100805_09430114_004_01.h5
1900264,1900268,48.86592102050781,-19.256322860717773,4.3789797,0.066017866,17.036987,0.32729378,943,gt3l,processed_ATL08_20181129100805_09430114_004_01.h5
1900269,1900273,48.86582565307617,-19.255422592163086,31.224318,,23.242353,,943,gt3l,processed_ATL08_20181129100805_09430114_004_01.h5
1900274,1900278,48.8657341003418,-19.2545223236084,31.142555,,18.63559,,943,gt3l,processed_ATL08_20181129100805_09430114_004_01.h5
1900279,1900283,48.86565017700195,-19.25362205505371,3.9449892,0.780827,,,943,gt3l,processed_ATL08_20181129100805_09430114_004_01.h5
1900284,1900288,48.865562438964844,-19.252721786499023,3.8992949,0.272491,19.295797,0.7912805,943,gt3l,processed_ATL08_20181129100805_09430114_004_01.h5
1900289,1900293,48.865478515625,-19.251821517944336,4.95092,0.18443583,17.152212,0.6443878,943,gt3l,processed_ATL08_20181129100805_09430114_004_01.h5
1900299,1900303,48.86529541015625,-19.25002098083496,9.69364,,29.450089,,943,gt3l,processed_ATL08_20181129100805_09430114_004_01.h5
1900304,1900308,48.865211486816406,-19.24911880493164,4.832125,0.11491835,23.308132,0.20044012,943,gt3l,processed_ATL08_20181129100805_09430114_004_01.h5
1900309,1900313,48.8651237487793,-19.248218536376953,5.331268,0.14776827,10.655497,0.2677112,943,gt3l,processed_ATL08_20181129100805_09430114_004_01.h5
1900314,1900318,48.86503601074219,-19.247318267822266,7.5211678,,14.964106,,943,gt3l,processed_ATL08_20181129100805_09430114_004_01.h5
1900319,1900323,48.86494827270508,-19.246417999267578,6.11977,0.18934533,8.843821,0.40327212,943,gt3l,processed_ATL08_20181129100805_09430114_004_01.h5
1900329,1900333,48.86477279663086,-19.244617462158203,7.9068913,0.78930134,17.837044,0.7715839,943,gt3l,processed_ATL08_20181129100805_09430114_004_01.h5
1900334,1900338,48.864681243896484,-19.243715286254883,7.6898756,0.08662614,16.63999,0.27782023,943,gt3l,processed_ATL08_20181129100805_09430114_004_01.h5
1900339,1900343,48.86458969116211,-19.242815017700195,9.839556,,21.207624,,943,gt3l,processed_ATL08_20181129100805_09430114_004_01.h5
1900344,1900348,48.864501953125,-19.241914749145508,10.912351,0.14628243,18.519558,0.36277667,943,gt3l,processed_ATL08_20181129100805_09430114_004_01.h5
1900349,1900353,48.864410400390625,-19.24101448059082,20.320738,,27.202036,,943,gt3l,processed_ATL08_20181129100805_09430114_004_01.h5
1900354,1900358,48.864322662353516,-19.240114212036133,20.574162,3.145293,25.798134,1.5700586,943,gt3l,processed_ATL08_20181129100805_09430114_004_01.h5
1900359,1900363,48.86423873901367,-19.239213943481445,10.619778,,18.977333,,943,gt3l,processed_ATL08_20181129100805_09430114_004_01.h5
1900364,1900368,48.86415100097656,-19.238313674926758,16.866152,,28.483109,,943,gt3l,processed_ATL08_20181129100805_09430114_004_01.h5
1900369,1900373,48.86405944824219,-19.23741340637207,18.997955,,28.194408,,943,gt3l,processed_ATL08_20181129100805_09430114_004_01.h5
1900374,1900378,48.86397171020508,-19.23651123046875,11.748351,,16.656107,,943,gt3l,processed_ATL08_20181129100805_09430114_004_01.h5
1900379,1900383,48.86388397216797,-19.235610961914062,9.987286,,15.985788,,943,gt3l,processed_ATL08_20181129100805_09430114_004_01.h5
1900384,1900388,48.86379623413086,-19.234710693359375,9.652365,,17.145136,,943,gt3l,processed_ATL08_20181129100805_09430114_004_01.h5
1900389,1900393,48.86370849609375,-19.233810424804688,6.2167315,0.65416086,17.450829,0.49058875,943,gt3l,processed_ATL08_20181129100805_09430114_004_01.h5
1900394,1900398,48.863616943359375,-19.23291015625,9.8284855,0.45919836,8.195168,0.7752781,943,gt3l,processed_ATL08_20181129100805_09430114_004_01.h5
1900399,1900403,48.863525390625,-19.232009887695312,5.5050583,0.6340608,32.443645,1.3530171,943,gt3l,processed_ATL08_20181129100805_09430114_004_01.h5
1900404,1900408,48.86343765258789,-19.231109619140625,11.545725,,32.133858,,943,gt3l,processed_ATL08_20181129100805_09430114_004_01.h5
1900409,1900413,48.86334991455078,-19.230209350585938,12.718042,1.8827896,24.854145,1.9417938,943,gt3l,processed_ATL08_20181129100805_09430114_004_01.h5
1900414,1900418,48.86326217651367,-19.22930908203125,11.907483,,19.023846,,943,gt3l,processed_ATL08_20181129100805_09430114_004_01.h5
1900419,1900423,48.86317443847656,-19.22840690612793,12.027586,0.4950269,13.331787,0.8501385,943,gt3l,processed_ATL08_20181129100805_09430114_004_01.h5
1900424,1900428,48.86308288574219,-19.227506637573242,27.439894,,17.56176,,943,gt3l,processed_ATL08_20181129100805_09430114_004_01.h5
1900429,1900433,48.86299514770508,-19.226606369018555,30.358362,,14.1826935,,943,gt3l,processed_ATL08_20181129100805_09430114_004_01.h5
1900439,1900443,48.862815856933594,-19.22480583190918,23.609192,,19.395128,,943,gt3l,processed_ATL08_20181129100805_09430114_004_01.h5
1900444,1900448,48.86273193359375,-19.223905563354492,12.60445,0.14826266,20.466366,0.27260384,943,gt3l,processed_ATL08_20181129100805_09430114_004_01.h5
1900449,1900453,48.862640380859375,-19.223005294799805,13.068265,0.35757205,16.714722,0.76733184,943,gt3l,processed_ATL08_20181129100805_09430114_004_01.h5
1900454,1900458,48.862548828125,-19.222105026245117,21.194147,3.9514916,23.032059,3.0689104,943,gt3l,processed_ATL08_20181129100805_09430114_004_01.h5
1900459,1900463,48.862457275390625,-19.22120475769043,42.007755,,29.317814,,943,gt3l,processed_ATL08_20181129100805_09430114_004_01.h5
1900464,1900468,48.862369537353516,-19.220304489135742,33.483807,,35.8168,,943,gt3l,processed_ATL08_20181129100805_09430114_004_01.h5
1900469,1900473,48.862281799316406,-19.219402313232422,17.485497,1.6891611,29.56797,3.3284469,943,gt3l,processed_ATL08_20181129100805_09430114_004_01.h5
1900474,1900478,48.86219024658203,-19.218502044677734,15.031184,,29.191486,,943,gt3l,processed_ATL08_20181129100805_09430114_004_01.h5
1900479,1900483,48.86210250854492,-19.217601776123047,15.544847,0.22891414,18.041555,0.47900167,943,gt3l,processed_ATL08_20181129100805_09430114_004_01.h5
1900489,1900493,48.8619270324707,-19.215801239013672,17.687569,,12.322634,,943,gt3l,processed_ATL08_20181129100805_09430114_004_01.h5
1900499,1900503,48.86174011230469,-19.214000701904297,42.582405,,22.269638,,943,gt3l,processed_ATL08_20181129100805_09430114_004_01.h5
1900504,1900508,48.86164855957031,-19.21310043334961,59.687603,,33.29442,,943,gt3l,processed_ATL08_20181129100805_09430114_004_01.h5
1900509,1900513,48.86155700683594,-19.212200164794922,99.55812,,30.119576,,943,gt3l,processed_ATL08_20181129100805_09430114_004_01.h5
1900514,1900517,48.86146926879883,-19.211299896240234,89.63071,23.839443,30.731842,11.704281,943,gt3l,processed_ATL08_20181129100805_09430114_004_01.h5
1900525,1900528,48.861270904541016,-19.209320068359375,89.06596,,29.210976,,943,gt3l,processed_ATL08_20181129100805_09430114_004_01.h5
1900529,1900533,48.86119842529297,-19.208599090576172,88.69602,,32.047707,,943,gt3l,processed_ATL08_20181129100805_09430114_004_01.h5
1900534,1900538,48.86110305786133,-19.207698822021484,121.94316,,29.235916,,943,gt3l,processed_ATL08_20181129100805_09430114_004_01.h5
1900539,1900543,48.86101531982422,-19.206798553466797,109.27714,,36.41794,,943,gt3l,processed_ATL08_20181129100805_09430114_004_01.h5
1900544,1900548,48.860931396484375,-19.20589828491211,73.56976,,37.705696,,943,gt3l,processed_ATL08_20181129100805_09430114_004_01.h5
1900549,1900553,48.860836029052734,-19.204998016357422,67.23519,,28.142693,,943,gt3l,processed_ATL08_20181129100805_09430114_004_01.h5
1900554,1900558,48.860748291015625,-19.204097747802734,57.710423,11.569437,25.957127,11.281565,943,gt3l,processed_ATL08_20181129100805_09430114_004_01.h5
1900559,1900563,48.86065673828125,-19.203197479248047,79.75934,,35.335556,,943,gt3l,processed_ATL08_20181129100805_09430114_004_01.h5
1900564,1900568,48.86056137084961,-19.20229721069336,95.9172,,24.768616,,943,gt3l,processed_ATL08_20181129100805_09430114_004_01.h5
1900569,1900573,48.860469818115234,-19.201396942138672,91.920494,,25.409317,,943,gt3l,processed_ATL08_20181129100805_09430114_004_01.h5
1900574,1900578,48.860374450683594,-19.200496673583984,114.957565,,30.68106,,943,gt3l,processed_ATL08_20181129100805_09430114_004_01.h5
1900579,1900583,48.86028289794922,-19.199596405029297,140.79544,,31.978928,,943,gt3l,processed_ATL08_20181129100805_09430114_004_01.h5
1900584,1900588,48.86018753051758,-19.19869613647461,171.50569,,30.581299,,943,gt3l,processed_ATL08_20181129100805_09430114_004_01.h5
1900589,1900592,48.86009216308594,-19.197797775268555,170.48828,,28.453888,,943,gt3l,processed_ATL08_20181129100805_09430114_004_01.h5
1900594,1900598,48.86000442504883,-19.196895599365234,137.35815,14.6949215,28.31955,8.070685,943,gt3l,processed_ATL08_20181129100805_09430114_004_01.h5
1900599,1900603,48.85991668701172,-19.195995330810547,146.5912,9.230933,22.352676,8.497188,943,gt3l,processed_ATL08_20181129100805_09430114_004_01.h5
1900604,1900608,48.85982131958008,-19.19509506225586,162.23381,,25.430878,,943,gt3l,processed_ATL08_20181129100805_09430114_004_01.h5
1900609,1900613,48.85972595214844,-19.194196701049805,162.9534,,23.765076,,943,gt3l,processed_ATL08_20181129100805_09430114_004_01.h5
1900614,1900618,48.85963439941406,-19.193296432495117,164.64906,,32.035934,,943,gt3l,processed_ATL08_20181129100805_09430114_004_01.h5
1900619,1900623,48.85953903198242,-19.19239616394043,174.45976,,37.012863,,943,gt3l,processed_ATL08_20181129100805_09430114_004_01.h5
1900624,1900628,48.85944747924805,-19.191495895385742,170.27887,,41.503036,,943,gt3l,processed_ATL08_20181129100805_09430114_004_01.h5
1900629,1900633,48.85935592651367,-19.190595626831055,162.8998,,36.601044,,943,gt3l,processed_ATL08_20181129100805_09430114_004_01.h5
1900634,1900638,48.85926818847656,-19.189695358276367,157.24568,,27.515717,,943,gt3l,processed_ATL08_20181129100805_09430114_004_01.h5
1900639,1900643,48.85916519165039,-19.18879508972168,165.86633,,42.91974,,943,gt3l,processed_ATL08_20181129100805_09430114_004_01.h5
1900644,1900648,48.859073638916016,-19.187894821166992,162.28333,,36.588608,,943,gt3l,processed_ATL08_20181129100805_09430114_004_01.h5
1900649,1900653,48.85898208618164,-19.186994552612305,162.10223,,34.263153,,943,gt3l,processed_ATL08_20181129100805_09430114_004_01.h5
1900654,1900658,48.85889434814453,-19.186094284057617,139.02863,,34.952118,,943,gt3l,processed_ATL08_20181129100805_09430114_004_01.h5
1900659,1900663,48.85879898071289,-19.18519401550293,136.94415,,28.965683,,943,gt3l,processed_ATL08_20181129100805_09430114_004_01.h5
1900664,1900668,48.85870361328125,-19.184295654296875,116.61587,,37.707596,,943,gt3l,processed_ATL08_20181129100805_09430114_004_01.h5
1900680,1900683,48.85840606689453,-19.181413650512695,63.205482,5.688949,30.010002,6.340807,943,gt3l,processed_ATL08_20181129100805_09430114_004_01.h5
1900684,1900688,48.85832977294922,-19.180694580078125,68.00206,,34.453926,,943,gt3l,processed_ATL08_20181129100805_09430114_004_01.h5
1900689,1900693,48.858238220214844,-19.179794311523438,61.116444,1.2490973,24.561504,1.3861461,943,gt3l,processed_ATL08_20181129100805_09430114_004_01.h5
1900694,1900698,48.8581428527832,-19.17889404296875,60.1465,,16.098133,,943,gt3l,processed_ATL08_20181129100805_09430114_004_01.h5
1900699,1900703,48.85804748535156,-19.177993774414062,59.053177,1.8471147,12.452877,2.2749352,943,gt3l,processed_ATL08_20181129100805_09430114_004_01.h5
1900704,1900708,48.85795211791992,-19.177095413208008,53.99698,4.109567,13.396107,0.86031675,943,gt3l,processed_ATL08_20181129100805_09430114_004_01.h5
1900709,1900713,48.85785675048828,-19.17619514465332,51.524025,8.82145,23.643517,5.6322517,943,gt3l,processed_ATL08_20181129100805_09430114_004_01.h5
1900715,1900718,48.857757568359375,-19.175294876098633,86.14964,,34.780502,,943,gt3l,processed_ATL08_20181129100805_09430114_004_01.h5
1900719,1900722,48.857662200927734,-19.174396514892578,94.01305,22.965681,35.36844,15.789479,943,gt3l,processed_ATL08_20181129100805_09430114_004_01.h5
1900724,1900728,48.857566833496094,-19.17349624633789,69.512764,0.35935098,34.99675,0.5888828,943,gt3l,processed_ATL08_20181129100805_09430114_004_01.h5
1900729,1900733,48.85746765136719,-19.172595977783203,75.23662,1.0344522,13.829002,1.4210777,943,gt3l,processed_ATL08_20181129100805_09430114_004_01.h5
1900734,1900738,48.85736846923828,-19.17169761657715,76.43719,,18.431038,,943,gt3l,processed_ATL08_20181129100805_09430114_004_01.h5
1900739,1900743,48.85727310180664,-19.17079734802246,77.87341,3.125437,24.258583,3.1224215,943,gt3l,processed_ATL08_20181129100805_09430114_004_01.h5
1900744,1900748,48.857177734375,-19.169897079467773,96.67955,14.110894,35.727715,7.4337406,943,gt3l,processed_ATL08_20181129100805_09430114_004_01.h5
1900749,1900753,48.85707473754883,-19.16899871826172,107.861984,,33.076134,,943,gt3l,processed_ATL08_20181129100805_09430114_004_01.h5
1900754,1900758,48.856971740722656,-19.16809844970703,116.84951,23.332132,30.565834,9.662418,943,gt3l,processed_ATL08_20181129100805_09430114_004_01.h5
1900759,1900763,48.85688018798828,-19.167198181152344,126.02756,,25.919922,,943,gt3l,processed_ATL08_20181129100805_09430114_004_01.h5
1900764,1900768,48.856781005859375,-19.166297912597656,116.51859,16.678164,26.104729,7.271868,943,gt3l,processed_ATL08_20181129100805_09430114_004_01.h5
1900769,1900773,48.856685638427734,-19.1653995513916,118.78952,,28.26551,,943,gt3l,processed_ATL08_20181129100805_09430114_004_01.h5
1900774,1900778,48.85658645629883,-19.164499282836914,134.2969,,34.25525,,943,gt3l,processed_ATL08_20181129100805_09430114_004_01.h5
1900779,1900783,48.85647964477539,-19.16360092163086,156.45802,,35.60176,,943,gt3l,processed_ATL08_20181129100805_09430114_004_01.h5
1900784,1900788,48.856388092041016,-19.162700653076172,124.37901,,35.91777,,943,gt3l,processed_ATL08_20181129100805_09430114_004_01.h5
1900789,1900793,48.856292724609375,-19.161800384521484,112.990486,,19.910744,,943,gt3l,processed_ATL08_20181129100805_09430114_004_01.h5
1900794,1900798,48.85619354248047,-19.16090202331543,112.32807,3.151046,24.601517,3.332432,943,gt3l,processed_ATL08_20181129100805_09430114_004_01.h5
1900799,1900803,48.85609436035156,-19.160001754760742,121.85223,1.6013898,16.591095,2.2963068,943,gt3l,processed_ATL08_20181129100805_09430114_004_01.h5
1900804,1900808,48.85599136352539,-19.159101486206055,135.16943,10.172888,24.943817,9.755745,943,gt3l,processed_ATL08_20181129100805_09430114_004_01.h5
1900809,1900813,48.855892181396484,-19.158203125,156.8539,,24.896118,,943,gt3l,processed_ATL08_20181129100805_09430114_004_01.h5
1900814,1900818,48.85578918457031,-19.157304763793945,177.57594,,28.345657,,943,gt3l,processed_ATL08_20181129100805_09430114_004_01.h5
1900819,1900823,48.85568618774414,-19.156404495239258,194.3608,,25.622025,,943,gt3l,processed_ATL08_20181129100805_09430114_004_01.h5
1900829,1900833,48.855491638183594,-19.154605865478516,180.02649,34.87901,31.987396,16.923325,943,gt3l,processed_ATL08_20181129100805_09430114_004_01.h5
1900834,1900838,48.85539245605469,-19.153705596923828,163.58882,,32.69496,,943,gt3l,processed_ATL08_20181129100805_09430114_004_01.h5
1900839,1900843,48.85529327392578,-19.152807235717773,182.8053,22.59826,31.899033,13.971062,943,gt3l,processed_ATL08_20181129100805_09430114_004_01.h5
1900844,1900848,48.855194091796875,-19.151906967163086,201.54167,33.214664,31.156204,17.702726,943,gt3l,processed_ATL08_20181129100805_09430114_004_01.h5
1900849,1900852,48.8550910949707,-19.15100860595703,219.29968,12.969044,20.428192,12.401762,943,gt3l,processed_ATL08_20181129100805_09430114_004_01.h5
1900854,1900858,48.854984283447266,-19.150108337402344,245.0335,,21.598267,,943,gt3l,processed_ATL08_20181129100805_09430114_004_01.h5
1900859,1900863,48.85488510131836,-19.14920997619629,226.44324,,27.512878,,943,gt3l,processed_ATL08_20181129100805_09430114_004_01.h5
1900864,1900868,48.85478973388672,-19.1483097076416,209.89114,,25.739212,,943,gt3l,processed_ATL08_20181129100805_09430114_004_01.h5
1900869,1900873,48.85469055175781,-19.147409439086914,203.80669,25.542122,23.250717,9.369827,943,gt3l,processed_ATL08_20181129100805_09430114_004_01.h5
1900874,1900878,48.854591369628906,-19.14651107788086,211.99107,,30.144287,,943,gt3l,processed_ATL08_20181129100805_09430114_004_01.h5
1900879,1900883,48.854488372802734,-19.145610809326172,238.17863,,29.92566,,943,gt3l,processed_ATL08_20181129100805_09430114_004_01.h5
1900884,1900888,48.85438537597656,-19.144712448120117,265.5607,,13.881317,,943,gt3l,processed_ATL08_20181129100805_09430114_004_01.h5
1900889,1900893,48.854286193847656,-19.14381217956543,256.46857,42.650124,20.948212,18.800518,943,gt3l,processed_ATL08_20181129100805_09430114_004_01.h5
1900894,1900898,48.85418701171875,-19.142913818359375,247.33641,,25.391449,,943,gt3l,processed_ATL08_20181129100805_09430114_004_01.h5
1900899,1900903,48.854087829589844,-19.142013549804688,260.8472,,20.93042,,943,gt3l,processed_ATL08_20181129100805_09430114_004_01.h5
1900904,1900908,48.85398483276367,-19.14111328125,252.54514,22.386595,22.452133,18.373331,943,gt3l,processed_ATL08_20181129100805_09430114_004_01.h5
1900909,1900913,48.853885650634766,-19.140214920043945,249.32109,34.751637,26.192734,20.30589,943,gt3l,processed_ATL08_20181129100805_09430114_004_01.h5
1900914,1900918,48.85378646850586,-19.139314651489258,234.96642,,28.191406,,943,gt3l,processed_ATL08_20181129100805_09430114_004_01.h5
1900919,1900923,48.85368728637695,-19.138416290283203,226.39336,32.39182,20.957718,17.48338,943,gt3l,processed_ATL08_20181129100805_09430114_004_01.h5
1900924,1900928,48.85358810424805,-19.137516021728516,230.14708,23.85724,16.185028,19.008814,943,gt3l,processed_ATL08_20181129100805_09430114_004_01.h5
1900929,1900933,48.853485107421875,-19.13661766052246,249.90268,21.270065,16.824036,18.407116,943,gt3l,processed_ATL08_20181129100805_09430114_004_01.h5
1900934,1900938,48.85337829589844,-19.135717391967773,270.39597,,19.946411,,943,gt3l,processed_ATL08_20181129100805_09430114_004_01.h5
1900939,1900943,48.85327911376953,-19.13481903076172,281.13046,,15.834381,,943,gt3l,processed_ATL08_20181129100805_09430114_004_01.h5
1900944,1900948,48.853179931640625,-19.13391876220703,284.75812,23.615221,15.396942,22.902472,943,gt3l,processed_ATL08_20181129100805_09430114_004_01.h5
1900949,1900953,48.85308074951172,-19.133020401000977,249.50314,35.69556,34.031067,21.927738,943,gt3l,processed_ATL08_20181129100805_09430114_004_01.h5
1900954,1900958,48.85298156738281,-19.13212013244629,212.43938,,35.29837,,943,gt3l,processed_ATL08_20181129100805_09430114_004_01.h5
1900959,1900963,48.852882385253906,-19.1312198638916,185.16899,,32.254303,,943,gt3l,processed_ATL08_20181129100805_09430114_004_01.h5
1900964,1900968,48.852783203125,-19.130321502685547,181.35646,45.37002,25.26065,18.28048,943,gt3l,processed_ATL08_20181129100805_09430114_004_01.h5
1900969,1900973,48.852684020996094,-19.12942123413086,179.09296,35.407394,27.813416,15.030682,943,gt3l,processed_ATL08_20181129100805_09430114_004_01.h5
1900974,1900978,48.85258483886719,-19.128522872924805,166.62234,10.658917,27.386276,9.500633,943,gt3l,processed_ATL08_20181129100805_09430114_004_01.h5
1900979,1900983,48.852481842041016,-19.127622604370117,181.49713,,31.641861,,943,gt3l,processed_ATL08_20181129100805_09430114_004_01.h5
1900984,1900988,48.852386474609375,-19.12672233581543,159.39087,,23.060165,,943,gt3l,processed_ATL08_20181129100805_09430114_004_01.h5
1900989,1900993,48.85227966308594,-19.125823974609375,186.2611,,27.145569,,943,gt3l,processed_ATL08_20181129100805_09430114_004_01.h5
1900994,1900998,48.8521842956543,-19.124923706054688,168.29541,,31.162613,,943,gt3l,processed_ATL08_20181129100805_09430114_004_01.h5
1900999,1901002,48.85208511352539,-19.124025344848633,139.55641,,37.548767,,943,gt3l,processed_ATL08_20181129100805_09430114_004_01.h5
1901004,1901008,48.851985931396484,-19.123125076293945,125.28192,,33.719315,,943,gt3l,processed_ATL08_20181129100805_09430114_004_01.h5
1901009,1901013,48.85188293457031,-19.12222671508789,130.22957,,36.817,,943,gt3l,processed_ATL08_20181129100805_09430114_004_01.h5
1901014,1901018,48.85177993774414,-19.121326446533203,141.77454,,48.09247,,943,gt3l,processed_ATL08_20181129100805_09430114_004_01.h5
1901019,1901023,48.851680755615234,-19.12042808532715,160.05872,,45.50743,,943,gt3l,processed_ATL08_20181129100805_09430114_004_01.h5
1901024,1901028,48.85157775878906,-19.11952781677246,164.16783,,44.08203,,943,gt3l,processed_ATL08_20181129100805_09430114_004_01.h5
1901029,1901033,48.851478576660156,-19.118629455566406,166.88782,,38.248642,,943,gt3l,processed_ATL08_20181129100805_09430114_004_01.h5
1901034,1901038,48.85137939453125,-19.11772918701172,159.33385,,38.562134,,943,gt3l,processed_ATL08_20181129100805_09430114_004_01.h5
1901039,1901043,48.851280212402344,-19.11682891845703,163.82637,1.9734867,22.966644,2.7061982,943,gt3l,processed_ATL08_20181129100805_09430114_004_01.h5
1901044,1901048,48.85118103027344,-19.115930557250977,164.71445,5.4929457,29.165192,6.2621837,943,gt3l,processed_ATL08_20181129100805_09430114_004_01.h5
1901049,1901053,48.851078033447266,-19.115032196044922,176.16608,,34.318085,,943,gt3l,processed_ATL08_20181129100805_09430114_004_01.h5
1901054,1901058,48.850975036621094,-19.114131927490234,188.98856,,31.85028,,943,gt3l,processed_ATL08_20181129100805_09430114_004_01.h5
1901059,1901063,48.85087203979492,-19.11323356628418,205.03636,,39.379013,,943,gt3l,processed_ATL08_20181129100805_09430114_004_01.h5
1901069,1901072,48.850677490234375,-19.111433029174805,175.47437,30.027033,35.41971,22.904137,943,gt3l,processed_ATL08_20181129100805_09430114_004_01.h5
1901074,1901078,48.8505744934082,-19.11053466796875,203.02045,,37.33931,,943,gt3l,processed_ATL08_20181129100805_09430114_004_01.h5
1901079,1901083,48.85047149658203,-19.109634399414062,198.22603,32.00239,20.729904,24.187157,943,gt3l,processed_ATL08_20181129100805_09430114_004_01.h5
1901084,1901088,48.85037612915039,-19.108736038208008,185.62363,8.822717,25.91719,8.18579,943,gt3l,processed_ATL08_20181129100805_09430114_004_01.h5
1901089,1901093,48.850276947021484,-19.10783576965332,180.58147,,33.924988,,943,gt3l,processed_ATL08_20181129100805_09430114_004_01.h5
1901094,1901098,48.850181579589844,-19.106935501098633,175.26152,,39.15013,,943,gt3l,processed_ATL08_20181129100805_09430114_004_01.h5
1901099,1901103,48.85008239746094,-19.106037139892578,163.2124,,24.109589,,943,gt3l,processed_ATL08_20181129100805_09430114_004_01.h5
1901104,1901108,48.84998321533203,-19.10513687133789,162.28691,26.837402,18.28891,16.058475,943,gt3l,processed_ATL08_20181129100805_09430114_004_01.h5
1901109,1901113,48.84988784790039,-19.104236602783203,158.78915,,23.456055,,943,gt3l,processed_ATL08_20181129100805_09430114_004_01.h5
1901115,1901118,48.849788665771484,-19.10333824157715,161.22371,,27.57985,,943,gt3l,processed_ATL08_20181129100805_09430114_004_01.h5
1901119,1901122,48.84968566894531,-19.10243797302246,172.44524,,26.562042,,943,gt3l,processed_ATL08_20181129100805_09430114_004_01.h5
1901129,1901132,48.849491119384766,-19.10063934326172,156.56262,20.16487,18.63713,11.827727,943,gt3l,processed_ATL08_20181129100805_09430114_004_01.h5
1901139,1901143,48.84929656982422,-19.098838806152344,117.001434,19.833574,22.32605,20.23933,943,gt3l,processed_ATL08_20181129100805_09430114_004_01.h5
1901144,1901148,48.84920120239258,-19.09794044494629,110.28849,,28.102913,,943,gt3l,processed_ATL08_20181129100805_09430114_004_01.h5
1901149,1901153,48.84910202026367,-19.0970401763916,111.545944,0.63017565,25.832794,0.9300598,943,gt3l,processed_ATL08_20181129100805_09430114_004_01.h5
1901160,1901163,48.848899841308594,-19.09524154663086,158.54271,,23.35942,,943,gt3l,processed_ATL08_20181129100805_09430114_004_01.h5
1901164,1901168,48.84880447387695,-19.094341278076172,159.66432,11.414999,19.901535,9.972532,943,gt3l,processed_ATL08_20181129100805_09430114_004_01.h5
1901169,1901173,48.84870529174805,-19.093441009521484,167.64227,,40.177917,,943,gt3l,processed_ATL08_20181129100805_09430114_004_01.h5
1901174,1901178,48.84860610961914,-19.09254264831543,185.55006,,46.616394,,943,gt3l,processed_ATL08_20181129100805_09430114_004_01.h5
1901179,1901183,48.848506927490234,-19.091642379760742,189.14177,,45.08812,,943,gt3l,processed_ATL08_20181129100805_09430114_004_01.h5
1901184,1901188,48.84840774536133,-19.090744018554688,199.05823,,46.58014,,943,gt3l,processed_ATL08_20181129100805_09430114_004_01.h5
1901254,1901258,48.84708023071289,-19.078144073486328,145.16214,,48.93776,,943,gt3l,processed_ATL08_20181129100805_09430114_004_01.h5
1901279,1901283,48.84662628173828,-19.07364273071289,24.940765,1.152311,44.792694,1.8453426,943,gt3l,processed_ATL08_20181129100805_09430114_004_01.h5
1901284,1901288,48.846527099609375,-19.072742462158203,35.54174,0.21799113,19.158123,0.3259772,943,gt3l,processed_ATL08_20181129100805_09430114_004_01.h5
1901314,1901318,48.84596633911133,-19.06734275817871,39.471336,,46.919594,,943,gt3l,processed_ATL08_20181129100805_09430114_004_01.h5
1901319,1901323,48.84587478637695,-19.066442489624023,53.90865,,44.67487,,943,gt3l,processed_ATL08_20181129100805_09430114_004_01.h5
1901324,1901328,48.84577941894531,-19.065542221069336,77.61664,,45.038124,,943,gt3l,processed_ATL08_20181129100805_09430114_004_01.h5
1901329,1901332,48.84568405151367,-19.06464195251465,95.51884,,50.774086,,943,gt3l,processed_ATL08_20181129100805_09430114_004_01.h5
1901334,1901337,48.84558868408203,-19.063650131225586,94.22685,,50.89538,,943,gt3l,processed_ATL08_20181129100805_09430114_004_01.h5
1901344,1901348,48.84541702270508,-19.061941146850586,63.669254,,39.43357,,943,gt3l,processed_ATL08_20181129100805_09430114_004_01.h5
1901349,1901353,48.8453254699707,-19.0610408782959,67.93435,,17.587456,,943,gt3l,processed_ATL08_20181129100805_09430114_004_01.h5
1901354,1901358,48.84523010253906,-19.06014060974121,74.640686,1.9212359,19.509872,1.2743821,943,gt3l,processed_ATL08_20181129100805_09430114_004_01.h5
1901359,1901363,48.84514236450195,-19.059240341186523,73.86149,,19.559402,,943,gt3l,processed_ATL08_20181129100805_09430114_004_01.h5
1901364,1901367,48.84504699707031,-19.058340072631836,77.248184,0.6377979,19.163528,0.9350979,943,gt3l,processed_ATL08_20181129100805_09430114_004_01.h5
1901374,1901378,48.84485626220703,-19.056541442871094,122.04802,,37.04792,,943,gt3l,processed_ATL08_20181129100805_09430114_004_01.h5
1901384,1901388,48.844669342041016,-19.05474090576172,209.755,,33.141525,,943,gt3l,processed_ATL08_20181129100805_09430114_004_01.h5
1901389,1901393,48.84457778930664,-19.05384063720703,225.98802,,39.260223,,943,gt3l,processed_ATL08_20181129100805_09430114_004_01.h5
1901394,1901397,48.84449005126953,-19.052940368652344,209.5036,,38.205414,,943,gt3l,processed_ATL08_20181129100805_09430114_004_01.h5
1901450,1901453,48.84347915649414,-19.042856216430664,234.62465,,38.800247,,943,gt3l,processed_ATL08_20181129100805_09430114_004_01.h5
1901454,1901458,48.843406677246094,-19.04213523864746,251.96059,,36.638794,,943,gt3l,processed_ATL08_20181129100805_09430114_004_01.h5
1901459,1901463,48.843318939208984,-19.041234970092773,240.60152,,42.51381,,943,gt3l,processed_ATL08_20181129100805_09430114_004_01.h5
1901464,1901468,48.843231201171875,-19.040334701538086,246.8974,37.088814,40.48459,18.311056,943,gt3l,processed_ATL08_20181129100805_09430114_004_01.h5
1901469,1901473,48.8431396484375,-19.0394344329834,289.25537,,36.400543,,943,gt3l,processed_ATL08_20181129100805_09430114_004_01.h5
1901474,1901478,48.843048095703125,-19.03853416442871,295.219,,32.105225,,943,gt3l,processed_ATL08_20181129100805_09430114_004_01.h5
1901479,1901483,48.842960357666016,-19.037633895874023,274.96368,,42.28961,,943,gt3l,processed_ATL08_20181129100805_09430114_004_01.h5
1901484,1901488,48.842872619628906,-19.036731719970703,281.55096,,44.68579,,943,gt3l,processed_ATL08_20181129100805_09430114_004_01.h5
1901489,1901493,48.84278869628906,-19.035831451416016,257.1783,,47.24884,,943,gt3l,processed_ATL08_20181129100805_09430114_004_01.h5
1901494,1901498,48.84270095825195,-19.034931182861328,270.43033,,42.461426,,943,gt3l,processed_ATL08_20181129100805_09430114_004_01.h5
1901499,1901503,48.84260940551758,-19.03403091430664,275.29416,,38.22592,,943,gt3l,processed_ATL08_20181129100805_09430114_004_01.h5
1901504,1901508,48.8425178527832,-19.033130645751953,283.97025,,38.68811,,943,gt3l,processed_ATL08_20181129100805_09430114_004_01.h5
1901510,1901513,48.84243392944336,-19.032228469848633,257.97302,,39.261124,,943,gt3l,processed_ATL08_20181129100805_09430114_004_01.h5
1901514,1901518,48.842350006103516,-19.031328201293945,237.9428,,40.461914,,943,gt3l,processed_ATL08_20181129100805_09430114_004_01.h5
1901519,1901523,48.842262268066406,-19.030427932739258,253.33858,,33.48143,,943,gt3l,processed_ATL08_20181129100805_09430114_004_01.h5
1901524,1901528,48.8421745300293,-19.02952766418457,247.25447,,32.6257,,943,gt3l,processed_ATL08_20181129100805_09430114_004_01.h5
1901529,1901533,48.84208679199219,-19.028627395629883,254.24995,,42.041367,,943,gt3l,processed_ATL08_20181129100805_09430114_004_01.h5
1901584,1901586,48.84113693237305,-19.018718719482422,158.47365,65.21937,42.044968,30.783613,943,gt3l,processed_ATL08_20181129100805_09430114_004_01.h5
1901590,1901593,48.8410530090332,-19.0178165435791,134.27295,20.497282,39.660706,15.949166,943,gt3l,processed_ATL08_20181129100805_09430114_004_01.h5
1901594,1901598,48.840965270996094,-19.016916275024414,133.55737,,34.66394,,943,gt3l,processed_ATL08_20181129100805_09430114_004_01.h5
1901599,1901603,48.84087371826172,-19.016016006469727,139.64145,,42.152237,,943,gt3l,processed_ATL08_20181129100805_09430114_004_01.h5
1901604,1901608,48.84078598022461,-19.01511573791504,158.34624,27.118654,41.2892,14.217898,943,gt3l,processed_ATL08_20181129100805_09430114_004_01.h5
1901639,1901643,48.84016418457031,-19.008811950683594,202.9017,,31.035858,,943,gt3l,processed_ATL08_20181129100805_09430114_004_01.h5
1901644,1901648,48.84008026123047,-19.007911682128906,190.42436,,44.485,,943,gt3l,processed_ATL08_20181129100805_09430114_004_01.h5
1901650,1901653,48.83999252319336,-19.00701141357422,170.87614,,42.111313,,943,gt3l,processed_ATL08_20181129100805_09430114_004_01.h5
1901654,1901658,48.839908599853516,-19.0061092376709,150.24402,,45.57199,,943,gt3l,processed_ATL08_20181129100805_09430114_004_01.h5
1901659,1901663,48.839820861816406,-19.00520896911621,149.81213,,30.52919,,943,gt3l,processed_ATL08_20181129100805_09430114_004_01.h5
1901664,1901668,48.839725494384766,-19.004308700561523,174.90802,,34.593582,,943,gt3l,processed_ATL08_20181129100805_09430114_004_01.h5
1901669,1901673,48.839637756347656,-19.003408432006836,170.00325,,41.84366,,943,gt3l,processed_ATL08_20181129100805_09430114_004_01.h5
1901674,1901677,48.83954620361328,-19.00250816345215,184.02682,,48.005295,,943,gt3l,processed_ATL08_20181129100805_09430114_004_01.h5
1901679,1901683,48.83945846557617,-19.00160789489746,209.23515,,45.069626,,943,gt3l,processed_ATL08_20181129100805_09430114_004_01.h5
1901684,1901688,48.8393669128418,-19.000707626342773,225.07901,,40.43283,,943,gt3l,processed_ATL08_20181129100805_09430114_004_01.h5
1901689,1901693,48.83927917480469,-18.999807357788086,216.19183,,34.632812,,943,gt3l,processed_ATL08_20181129100805_09430114_004_01.h5
1901694,1901698,48.83919143676758,-18.9989070892334,187.0627,27.554028,41.50688,16.516243,943,gt3l,processed_ATL08_20181129100805_09430114_004_01.h5
1901699,1901703,48.839107513427734,-18.998004913330078,183.97398,,38.96541,,943,gt3l,processed_ATL08_20181129100805_09430114_004_01.h5
1901704,1901708,48.83901596069336,-18.99710464477539,182.811,,43.886887,,943,gt3l,processed_ATL08_20181129100805_09430114_004_01.h5
1901709,1901713,48.838932037353516,-18.996204376220703,163.2973,,42.895187,,943,gt3l,processed_ATL08_20181129100805_09430114_004_01.h5
1901714,1901717,48.83884048461914,-18.995304107666016,147.3006,,45.530884,,943,gt3l,processed_ATL08_20181129100805_09430114_004_01.h5
1901720,1901723,48.8387565612793,-18.994401931762695,130.82199,,44.613846,,943,gt3l,processed_ATL08_20181129100805_09430114_004_01.h5
1901724,1901728,48.838661193847656,-18.99350357055664,122.9773,,41.145424,,943,gt3l,processed_ATL08_20181129100805_09430114_004_01.h5
1901729,1901733,48.83857345581055,-18.99260139465332,119.07046,,38.442307,,943,gt3l,processed_ATL08_20181129100805_09430114_004_01.h5
1901734,1901738,48.83848571777344,-18.991701126098633,111.39342,,36.776382,,943,gt3l,processed_ATL08_20181129100805_09430114_004_01.h5
1901739,1901743,48.83839416503906,-18.990800857543945,113.70989,,43.92032,,943,gt3l,processed_ATL08_20181129100805_09430114_004_01.h5
1901744,1901748,48.83830642700195,-18.989900588989258,116.7943,,43.474403,,943,gt3l,processed_ATL08_20181129100805_09430114_004_01.h5
1901749,1901753,48.838218688964844,-18.98900032043457,103.25746,,41.708,,943,gt3l,processed_ATL08_20181129100805_09430114_004_01.h5
1901754,1901758,48.8381233215332,-18.988100051879883,103.67167,,36.467255,,943,gt3l,processed_ATL08_20181129100805_09430114_004_01.h5
1901761,1901763,48.838035583496094,-18.987199783325195,88.57579,25.727043,27.876312,12.47443,943,gt3l,processed_ATL08_20181129100805_09430114_004_01.h5
1901764,1901768,48.83795166015625,-18.986299514770508,56.44101,4.348372,22.442337,3.8208086,943,gt3l,processed_ATL08_20181129100805_09430114_004_01.h5
1901769,1901773,48.837860107421875,-18.98539924621582,56.27461,0.6117673,24.358139,0.97535133,943,gt3l,processed_ATL08_20181129100805_09430114_004_01.h5
1901774,1901778,48.837764739990234,-18.984498977661133,61.340527,1.2929128,27.850716,1.9330114,943,gt3l,processed_ATL08_20181129100805_09430114_004_01.h5
1901779,1901783,48.83767318725586,-18.983598709106445,70.726074,1.3222333,24.20485,1.8626513,943,gt3l,processed_ATL08_20181129100805_09430114_004_01.h5
1901784,1901788,48.83758544921875,-18.982698440551758,63.794945,10.78505,43.291626,7.704614,943,gt3l,processed_ATL08_20181129100805_09430114_004_01.h5
1901789,1901793,48.83749008178711,-18.98179817199707,66.769646,,43.815964,,943,gt3l,processed_ATL08_20181129100805_09430114_004_01.h5
1901794,1901798,48.837398529052734,-18.980897903442383,61.308228,,46.685688,,943,gt3l,processed_ATL08_20181129100805_09430114_004_01.h5
1901799,1901803,48.837303161621094,-18.979997634887695,68.26599,,43.561607,,943,gt3l,processed_ATL08_20181129100805_09430114_004_01.h5
1901804,1901808,48.837215423583984,-18.979097366333008,67.19068,,41.240074,,943,gt3l,processed_ATL08_20181129100805_09430114_004_01.h5
1901809,1901813,48.837120056152344,-18.97819709777832,84.70136,,38.224884,,943,gt3l,processed_ATL08_20181129100805_09430114_004_01.h5
1901814,1901818,48.8370246887207,-18.977296829223633,92.583,,43.206078,,943,gt3l,processed_ATL08_20181129100805_09430114_004_01.h5
1901819,1901823,48.83693313598633,-18.976396560668945,79.27128,11.198836,43.87336,7.544274,943,gt3l,processed_ATL08_20181129100805_09430114_004_01.h5
1901824,1901828,48.83684539794922,-18.975496292114258,74.00915,,40.592247,,943,gt3l,processed_ATL08_20181129100805_09430114_004_01.h5
1901829,1901833,48.83674621582031,-18.97459602355957,62.394535,,43.207832,,943,gt3l,processed_ATL08_20181129100805_09430114_004_01.h5
1901834,1901838,48.8366584777832,-18.973695755004883,37.810936,,48.153366,,943,gt3l,processed_ATL08_20181129100805_09430114_004_01.h5
1901839,1901843,48.836570739746094,-18.972795486450195,20.062775,2.777714,44.12751,2.580353,943,gt3l,processed_ATL08_20181129100805_09430114_004_01.h5
1901844,1901848,48.83647537231445,-18.971895217895508,34.79557,0.4017731,30.314884,0.636322,943,gt3l,processed_ATL08_20181129100805_09430114_004_01.h5
1901849,1901853,48.83638381958008,-18.97099494934082,36.87535,3.588031,24.670391,3.2852652,943,gt3l,processed_ATL08_20181129100805_09430114_004_01.h5
1901854,1901858,48.83628845214844,-18.970094680786133,37.175045,,29.514263,,943,gt3l,processed_ATL08_20181129100805_09430114_004_01.h5
1901859,1901863,48.83619689941406,-18.969194412231445,31.877108,,27.252754,,943,gt3l,processed_ATL08_20181129100805_09430114_004_01.h5
1901864,1901868,48.83610916137695,-18.968294143676758,21.700672,,37.46845,,943,gt3l,processed_ATL08_20181129100805_09430114_004_01.h5
1901894,1901898,48.835533142089844,-18.9628963470459,13.111797,0.4668878,30.155237,0.72418857,943,gt3l,processed_ATL08_20181129100805_09430114_004_01.h5
1901899,1901903,48.83544158935547,-18.96199607849121,11.874825,,35.188717,,943,gt3l,processed_ATL08_20181129100805_09430114_004_01.h5
1901904,1901908,48.83534622192383,-18.961095809936523,10.144504,,32.12345,,943,gt3l,processed_ATL08_20181129100805_09430114_004_01.h5
1901909,1901913,48.83525085449219,-18.960195541381836,22.460566,,25.358137,,943,gt3l,processed_ATL08_20181129100805_09430114_004_01.h5
1901914,1901918,48.83515548706055,-18.95929527282715,21.22632,0.24630788,24.939331,0.49843708,943,gt3l,processed_ATL08_20181129100805_09430114_004_01.h5
1901919,1901923,48.835060119628906,-18.95839500427246,27.45085,1.7155648,24.63207,2.1893187,943,gt3l,processed_ATL08_20181129100805_09430114_004_01.h5
1901924,1901928,48.8349609375,-18.957496643066406,27.998892,1.0743256,22.116436,1.9404515,943,gt3l,processed_ATL08_20181129100805_09430114_004_01.h5
1901929,1901933,48.834869384765625,-18.95659637451172,28.70441,0.3871408,22.866163,0.6538359,943,gt3l,processed_ATL08_20181129100805_09430114_004_01.h5
1902015,1902019,48.83317184448242,-18.941123962402344,132.2529,33.064133,31.571548,17.262001,943,gt3l,processed_ATL08_20181129100805_09430114_004_01.h5
1902025,1902029,48.832969665527344,-18.93932342529297,178.24269,,38.491028,,943,gt3l,processed_ATL08_20181129100805_09430114_004_01.h5
1902030,1902034,48.83286666870117,-18.938425064086914,181.20752,,38.670685,,943,gt3l,processed_ATL08_20181129100805_09430114_004_01.h5
1902035,1902039,48.83277130126953,-18.937524795532227,165.72731,,42.71823,,943,gt3l,processed_ATL08_20181129100805_09430114_004_01.h5
1902045,1902049,48.83256530761719,-18.935726165771484,190.0042,,43.70404,,943,gt3l,processed_ATL08_20181129100805_09430114_004_01.h5
1902055,1902058,48.832366943359375,-18.933927536010742,166.75313,,47.35617,,943,gt3l,processed_ATL08_20181129100805_09430114_004_01.h5
1902060,1902064,48.83226776123047,-18.933027267456055,159.5608,,46.5567,,943,gt3l,processed_ATL08_20181129100805_09430114_004_01.h5
1902065,1902069,48.8321647644043,-18.93212890625,150.73709,,42.332687,,943,gt3l,processed_ATL08_20181129100805_09430114_004_01.h5
1902070,1902074,48.83206558227539,-18.931228637695312,155.50609,,40.074432,,943,gt3l,processed_ATL08_20181129100805_09430114_004_01.h5
1902075,1902079,48.83197021484375,-18.930330276489258,144.39996,,41.44156,,943,gt3l,processed_ATL08_20181129100805_09430114_004_01.h5
1902087,1902089,48.8317756652832,-18.928529739379883,103.67944,,36.812637,,943,gt3l,processed_ATL08_20181129100805_09430114_004_01.h5
1902090,1902094,48.8316764831543,-18.927631378173828,108.56747,,36.635803,,943,gt3l,processed_ATL08_20181129100805_09430114_004_01.h5
1902102,1902104,48.831459045410156,-18.925832748413086,181.56796,,46.744125,,943,gt3l,processed_ATL08_20181129100805_09430114_004_01.h5
1902105,1902109,48.83135986328125,-18.92493438720703,197.31354,,40.07077,,943,gt3l,processed_ATL08_20181129100805_09430114_004_01.h5
1902110,1902114,48.83125686645508,-18.924034118652344,197.06668,,44.63121,,943,gt3l,processed_ATL08_20181129100805_09430114_004_01.h5
1902115,1902119,48.83115768432617,-18.92313575744629,175.02245,,44.900208,,943,gt3l,processed_ATL08_20181129100805_09430114_004_01.h5
1902120,1902124,48.831058502197266,-18.9222354888916,182.07645,,42.900925,,943,gt3l,processed_ATL08_20181129100805_09430114_004_01.h5
1902125,1902128,48.83095932006836,-18.921335220336914,203.06577,,35.09305,,943,gt3l,processed_ATL08_20181129100805_09430114_004_01.h5
1902220,1902224,48.82902526855469,-18.90424919128418,282.77267,,43.317505,,943,gt3l,processed_ATL08_20181129100805_09430114_004_01.h5
1902225,1902229,48.82892608642578,-18.903348922729492,267.88705,,45.192078,,943,gt3l,processed_ATL08_20181129100805_09430114_004_01.h5
1902230,1902234,48.82882308959961,-18.902450561523438,255.13622,,41.571564,,943,gt3l,processed_ATL08_20181129100805_09430114_004_01.h5
1902235,1902239,48.8287239074707,-18.90155029296875,255.68042,,43.965424,,943,gt3l,processed_ATL08_20181129100805_09430114_004_01.h5
1902240,1902244,48.82862854003906,-18.900651931762695,240.96373,,43.830322,,943,gt3l,processed_ATL08_20181129100805_09430114_004_01.h5
1902245,1902249,48.82852554321289,-18.899751663208008,226.57178,,47.5215,,943,gt3l,processed_ATL08_20181129100805_09430114_004_01.h5
1902250,1902254,48.82842254638672,-18.898853302001953,226.23857,,48.749695,,943,gt3l,processed_ATL08_20181129100805_09430114_004_01.h5
1902257,1902259,48.82832336425781,-18.897953033447266,244.7167,,49.90242,,943,gt3l,processed_ATL08_20181129100805_09430114_004_01.h5
1902260,1902263,48.828224182128906,-18.897052764892578,246.11942,,49.396698,,943,gt3l,processed_ATL08_20181129100805_09430114_004_01.h5
1902265,1902269,48.828128814697266,-18.896154403686523,212.64389,,44.781693,,943,gt3l,processed_ATL08_20181129100805_09430114_004_01.h5
1902270,1902274,48.82802963256836,-18.895254135131836,179.83607,,39.261063,,943,gt3l,processed_ATL08_20181129100805_09430114_004_01.h5
1902275,1902279,48.82793045043945,-18.89435386657715,171.86386,,47.283722,,943,gt3l,processed_ATL08_20181129100805_09430114_004_01.h5
1902280,1902284,48.82783508300781,-18.893455505371094,165.26538,,42.64949,,943,gt3l,processed_ATL08_20181129100805_09430114_004_01.h5
1902285,1902289,48.827735900878906,-18.892555236816406,158.23201,,43.251175,,943,gt3l,processed_ATL08_20181129100805_09430114_004_01.h5
1902290,1902294,48.82762908935547,-18.89165687561035,166.27147,,46.352005,,943,gt3l,processed_ATL08_20181129100805_09430114_004_01.h5
1902295,1902299,48.827537536621094,-18.890756607055664,176.57384,,48.292282,,943,gt3l,processed_ATL08_20181129100805_09430114_004_01.h5
1902300,1902304,48.82743835449219,-18.889856338500977,172.59702,,41.006668,,943,gt3l,processed_ATL08_20181129100805_09430114_004_01.h5
1902305,1902309,48.827335357666016,-18.888957977294922,190.70964,,39.672348,,943,gt3l,processed_ATL08_20181129100805_09430114_004_01.h5
1902310,1902314,48.82723617553711,-18.888057708740234,175.94984,,42.722977,,943,gt3l,processed_ATL08_20181129100805_09430114_004_01.h5
1902315,1902319,48.82714080810547,-18.887157440185547,166.61845,,46.03322,,943,gt3l,processed_ATL08_20181129100805_09430114_004_01.h5
1902320,1902324,48.82704162597656,-18.886259078979492,149.61937,,47.54843,,943,gt3l,processed_ATL08_20181129100805_09430114_004_01.h5
1902325,1902329,48.826942443847656,-18.885358810424805,137.3472,,45.600555,,943,gt3l,processed_ATL08_20181129100805_09430114_004_01.h5
1902330,1902334,48.826847076416016,-18.884458541870117,143.88905,1.4242656,21.844772,1.9582905,943,gt3l,processed_ATL08_20181129100805_09430114_004_01.h5
1902335,1902339,48.826751708984375,-18.88355827331543,140.0654,1.1377119,40.722565,1.5906616,943,gt3l,processed_ATL08_20181129100805_09430114_004_01.h5
1902340,1902344,48.82664489746094,-18.882659912109375,141.61758,,44.882324,,943,gt3l,processed_ATL08_20181129100805_09430114_004_01.h5
1902345,1902348,48.8265495300293,-18.881759643554688,145.01228,2.2855246,41.278503,2.975954,943,gt3l,processed_ATL08_20181129100805_09430114_004_01.h5
1902350,1902354,48.82645034790039,-18.880861282348633,161.17023,39.200554,41.96768,28.33278,943,gt3l,processed_ATL08_20181129100805_09430114_004_01.h5
1902355,1902359,48.826351165771484,-18.879961013793945,174.15643,,42.689545,,943,gt3l,processed_ATL08_20181129100805_09430114_004_01.h5
1902360,1902364,48.82625198364258,-18.879060745239258,178.54176,,44.201126,,943,gt3l,processed_ATL08_20181129100805_09430114_004_01.h5
1902365,1902369,48.82615661621094,-18.878162384033203,185.62051,,42.144424,,943,gt3l,processed_ATL08_20181129100805_09430114_004_01.h5
1902370,1902374,48.82605743408203,-18.877262115478516,193.30852,,40.347168,,943,gt3l,processed_ATL08_20181129100805_09430114_004_01.h5
1902450,1902454,48.82450485229492,-18.862865447998047,290.45963,,44.41925,,943,gt3l,processed_ATL08_20181129100805_09430114_004_01.h5
1902465,1902469,48.82421875,-18.860166549682617,325.4882,,48.833435,,943,gt3l,processed_ATL08_20181129100805_09430114_004_01.h5
1902470,1902474,48.82411575317383,-18.85926628112793,346.35532,,50.295563,,943,gt3l,processed_ATL08_20181129100805_09430114_004_01.h5
1902475,1902479,48.82402420043945,-18.858366012573242,368.94934,,47.090088,,943,gt3l,processed_ATL08_20181129100805_09430114_004_01.h5
1902480,1902483,48.82392501831055,-18.857467651367188,390.91055,,48.501587,,943,gt3l,processed_ATL08_20181129100805_09430114_004_01.h5
1902490,1902494,48.82373809814453,-18.855667114257812,442.00754,,43.766205,,943,gt3l,processed_ATL08_20181129100805_09430114_004_01.h5
1902495,1902499,48.823646545410156,-18.854766845703125,431.00525,,41.8757,,943,gt3l,processed_ATL08_20181129100805_09430114_004_01.h5
1902500,1902504,48.823551177978516,-18.853866577148438,422.04654,,43.166992,,943,gt3l,processed_ATL08_20181129100805_09430114_004_01.h5
1902510,1902513,48.8233642578125,-18.852066040039062,455.41455,,42.479736,,943,gt3l,processed_ATL08_20181129100805_09430114_004_01.h5
1902514,1902518,48.82329559326172,-18.851346969604492,432.96494,,39.116577,,943,gt3l,processed_ATL08_20181129100805_09430114_004_01.h5
1902519,1902523,48.82320022583008,-18.850446701049805,438.85522,,31.720367,,943,gt3l,processed_ATL08_20181129100805_09430114_004_01.h5
1902524,1902528,48.8231086730957,-18.849546432495117,446.20654,,31.62912,,943,gt3l,processed_ATL08_20181129100805_09430114_004_01.h5
1902529,1902533,48.82301330566406,-18.84864616394043,442.484,,28.948029,,943,gt3l,processed_ATL08_20181129100805_09430114_004_01.h5
1902534,1902538,48.82292556762695,-18.847745895385742,429.0047,32.984665,21.068512,25.833158,943,gt3l,processed_ATL08_20181129100805_09430114_004_01.h5
1902539,1902543,48.82283401489258,-18.846845626831055,434.9753,,20.877686,,943,gt3l,processed_ATL08_20181129100805_09430114_004_01.h5
1902544,1902548,48.82274627685547,-18.845945358276367,421.96658,,28.443604,,943,gt3l,processed_ATL08_20181129100805_09430114_004_01.h5
1902549,1902553,48.82265853881836,-18.845043182373047,392.33817,,26.880035,,943,gt3l,processed_ATL08_20181129100805_09430114_004_01.h5
1902554,1902556,48.82257080078125,-18.84414291381836,339.91464,,35.2211,,943,gt3l,processed_ATL08_20181129100805_09430114_004_01.h5
1902559,1902563,48.82248306274414,-18.843242645263672,319.68713,46.238747,20.575226,21.274057,943,gt3l,processed_ATL08_20181129100805_09430114_004_01.h5
1902564,1902568,48.8223876953125,-18.842342376708984,338.87927,,25.064423,,943,gt3l,processed_ATL08_20181129100805_09430114_004_01.h5
1902569,1902573,48.822296142578125,-18.841442108154297,357.8896,,23.027954,,943,gt3l,processed_ATL08_20181129100805_09430114_004_01.h5
1902574,1902578,48.82220458984375,-18.84054183959961,377.36752,,26.14914,,943,gt3l,processed_ATL08_20181129100805_09430114_004_01.h5
1902579,1902583,48.82211685180664,-18.839641571044922,353.33603,,26.065186,,943,gt3l,processed_ATL08_20181129100805_09430114_004_01.h5
1902584,1902588,48.82202911376953,-18.838741302490234,328.7021,,28.887787,,943,gt3l,processed_ATL08_20181129100805_09430114_004_01.h5
1902589,1902593,48.82194519042969,-18.837839126586914,287.87314,56.94633,27.466034,18.26327,943,gt3l,processed_ATL08_20181129100805_09430114_004_01.h5
1902594,1902598,48.821861267089844,-18.836938858032227,263.90244,37.8345,27.518646,12.959238,943,gt3l,processed_ATL08_20181129100805_09430114_004_01.h5
1902599,1902603,48.821773529052734,-18.83603858947754,240.57982,40.072006,21.224792,14.102128,943,gt3l,processed_ATL08_20181129100805_09430114_004_01.h5
1902604,1902608,48.82168197631836,-18.83513832092285,232.53877,,22.059433,,943,gt3l,processed_ATL08_20181129100805_09430114_004_01.h5
1902609,1902613,48.821590423583984,-18.834238052368164,237.02327,,25.925797,,943,gt3l,processed_ATL08_20181129100805_09430114_004_01.h5
1902614,1902618,48.82150650024414,-18.833335876464844,201.983,,21.053055,,943,gt3l,processed_ATL08_20181129100805_09430114_004_01.h5
1902619,1902623,48.8214225769043,-18.832435607910156,169.48167,,28.573746,,943,gt3l,processed_ATL08_20181129100805_09430114_004_01.h5
1902624,1902628,48.82133865356445,-18.83153533935547,152.30748,,25.14914,,943,gt3l,processed_ATL08_20181129100805_09430114_004_01.h5
1902629,1902633,48.821250915527344,-18.83063316345215,134.75923,,24.6922,,943,gt3l,processed_ATL08_20181129100805_09430114_004_01.h5
1902634,1902638,48.8211669921875,-18.82973289489746,116.63106,7.2809005,17.207382,6.7916327,943,gt3l,processed_ATL08_20181129100805_09430114_004_01.h5
1902639,1902643,48.82107925415039,-18.828832626342773,104.97394,7.9897738,16.882607,8.345245,943,gt3l,processed_ATL08_20181129100805_09430114_004_01.h5
1902644,1902648,48.82099151611328,-18.827932357788086,98.78076,,23.692566,,943,gt3l,processed_ATL08_20181129100805_09430114_004_01.h5
1902649,1902653,48.82090377807617,-18.827030181884766,99.22828,,27.820877,,943,gt3l,processed_ATL08_20181129100805_09430114_004_01.h5
1902654,1902658,48.82081604003906,-18.826129913330078,84.019104,5.5493107,15.779816,3.131181,943,gt3l,processed_ATL08_20181129100805_09430114_004_01.h5
1902659,1902663,48.82073211669922,-18.82522964477539,84.1141,0.66683245,9.372078,0.8614991,943,gt3l,processed_ATL08_20181129100805_09430114_004_01.h5
1902664,1902668,48.820640563964844,-18.824329376220703,82.78686,0.8845065,12.605469,1.1917245,943,gt3l,processed_ATL08_20181129100805_09430114_004_01.h5
1902669,1902673,48.82054901123047,-18.823429107666016,83.31726,1.1081111,15.473228,1.4229817,943,gt3l,processed_ATL08_20181129100805_09430114_004_01.h5
1902674,1902678,48.82046127319336,-18.822528839111328,96.7844,13.663063,22.129402,7.390114,943,gt3l,processed_ATL08_20181129100805_09430114_004_01.h5
1902679,1902683,48.82037353515625,-18.821626663208008,101.55499,,19.269814,,943,gt3l,processed_ATL08_20181129100805_09430114_004_01.h5
1902684,1902688,48.82028579711914,-18.82072639465332,103.36796,,19.759056,,943,gt3l,processed_ATL08_20181129100805_09430114_004_01.h5
1902689,1902693,48.8202018737793,-18.819826126098633,113.85558,18.25271,22.581863,10.740342,943,gt3l,processed_ATL08_20181129100805_09430114_004_01.h5
1902694,1902698,48.82011413574219,-18.818925857543945,113.72888,12.587008,24.23668,11.03604,943,gt3l,processed_ATL08_20181129100805_09430114_004_01.h5
1902699,1902703,48.82002258300781,-18.818025588989258,120.681595,7.402646,20.476837,6.7021174,943,gt3l,processed_ATL08_20181129100805_09430114_004_01.h5
1902709,1902713,48.81985092163086,-18.81622314453125,98.02847,7.295172,16.369225,8.045656,943,gt3l,processed_ATL08_20181129100805_09430114_004_01.h5
1902715,1902717,48.819766998291016,-18.815322875976562,90.72478,,22.756165,,943,gt3l,processed_ATL08_20181129100805_09430114_004_01.h5
1902834,1902838,48.81767272949219,-18.793704986572266,118.968796,23.577898,16.468338,29.926367,943,gt3l,processed_ATL08_20181129100805_09430114_004_01.h5
1902839,1902843,48.81758499145508,-18.792804718017578,110.2448,5.672604,77.86193,6.881107,943,gt3l,processed_ATL08_20181129100805_09430114_004_01.h5
1902844,1902848,48.817501068115234,-18.79190444946289,88.28501,11.262205,14.686905,7.9851584,943,gt3l,processed_ATL08_20181129100805_09430114_004_01.h5
1902849,1902853,48.817413330078125,-18.791004180908203,88.51686,17.687798,10.47686,6.2747397,943,gt3l,processed_ATL08_20181129100805_09430114_004_01.h5
1902854,1902858,48.817325592041016,-18.790102005004883,92.85751,9.0288925,17.610504,4.6482687,943,gt3l,processed_ATL08_20181129100805_09430114_004_01.h5
1902859,1902863,48.817237854003906,-18.789201736450195,104.1736,6.3114963,14.538734,4.409184,943,gt3l,processed_ATL08_20181129100805_09430114_004_01.h5
1902864,1902868,48.8171501159668,-18.788301467895508,106.0768,17.951578,17.903763,6.447822,943,gt3l,processed_ATL08_20181129100805_09430114_004_01.h5
1902869,1902873,48.81706237792969,-18.78740119934082,134.53543,20.957499,22.044632,8.552253,943,gt3l,processed_ATL08_20181129100805_09430114_004_01.h5
1902874,1902878,48.81697082519531,-18.786500930786133,145.74745,15.537334,17.118423,6.184659,943,gt3l,processed_ATL08_20181129100805_09430114_004_01.h5
1902884,1902888,48.81678771972656,-18.784700393676758,138.49548,,28.619995,,943,gt3l,processed_ATL08_20181129100805_09430114_004_01.h5
1902904,1902908,48.816436767578125,-18.781097412109375,159.80984,,26.00322,,943,gt3l,processed_ATL08_20181129100805_09430114_004_01.h5
1902914,1902918,48.816261291503906,-18.779296875,112.15429,3.001936,24.097778,4.173487,943,gt3l,processed_ATL08_20181129100805_09430114_004_01.h5
1902919,1902923,48.81616973876953,-18.77839469909668,109.113655,10.991001,21.224121,4.183747,943,gt3l,processed_ATL08_20181129100805_09430114_004_01.h5
1902924,1902928,48.81608581542969,-18.777494430541992,102.31666,1.5760789,18.6007,2.1257162,943,gt3l,processed_ATL08_20181129100805_09430114_004_01.h5
1902929,1902933,48.81599807739258,-18.776594161987305,98.35115,2.2572958,8.247505,2.8413887,943,gt3l,processed_ATL08_20181129100805_09430114_004_01.h5
1902934,1902938,48.81590270996094,-18.775693893432617,108.22476,2.8249571,20.151993,3.5964465,943,gt3l,processed_ATL08_20181129100805_09430114_004_01.h5
1902939,1902943,48.81581115722656,-18.77479362487793,128.04378,25.83133,17.299477,10.174639,943,gt3l,processed_ATL08_20181129100805_09430114_004_01.h5
1902944,1902948,48.81571960449219,-18.773893356323242,148.44092,,29.625671,,943,gt3l,processed_ATL08_20181129100805_09430114_004_01.h5
1902949,1902953,48.81562423706055,-18.772993087768555,171.825,34.42061,23.79573,18.36346,943,gt3l,processed_ATL08_20181129100805_09430114_004_01.h5
1902954,1902958,48.815528869628906,-18.772092819213867,198.83495,,29.202301,,943,gt3l,processed_ATL08_20181129100805_09430114_004_01.h5
1902959,1902963,48.8154411315918,-18.77119255065918,180.40488,25.32384,26.731308,13.444499,943,gt3l,processed_ATL08_20181129100805_09430114_004_01.h5
1902964,1902968,48.81535339355469,-18.770292282104492,167.34561,27.683512,11.111588,6.5251613,943,gt3l,processed_ATL08_20181129100805_09430114_004_01.h5
1902969,1902973,48.815269470214844,-18.769392013549805,131.84224,,25.144363,,943,gt3l,processed_ATL08_20181129100805_09430114_004_01.h5
1902974,1902978,48.81517028808594,-18.768491744995117,139.27094,,36.042328,,943,gt3l,processed_ATL08_20181129100805_09430114_004_01.h5
1902980,1902983,48.81507873535156,-18.76759147644043,133.831,,28.552826,,943,gt3l,processed_ATL08_20181129100805_09430114_004_01.h5
1902984,1902988,48.81499099731445,-18.766691207885742,140.84894,11.669366,18.93985,11.139478,943,gt3l,processed_ATL08_20181129100805_09430114_004_01.h5
1902989,1902993,48.81489562988281,-18.765790939331055,150.27083,,19.420746,,943,gt3l,processed_ATL08_20181129100805_09430114_004_01.h5
1902994,1902998,48.81480407714844,-18.764890670776367,131.2779,18.976713,14.129059,9.308199,943,gt3l,processed_ATL08_20181129100805_09430114_004_01.h5
1902999,1903003,48.81471633911133,-18.76399040222168,113.48454,9.490582,19.528084,4.338007,943,gt3l,processed_ATL08_20181129100805_09430114_004_01.h5
1903004,1903008,48.81462478637695,-18.763090133666992,115.140686,19.523506,15.000732,5.5133324,943,gt3l,processed_ATL08_20181129100805_09430114_004_01.h5
1903009,1903013,48.81452941894531,-18.762189865112305,135.35507,,20.022354,,943,gt3l,processed_ATL08_20181129100805_09430114_004_01.h5
1903014,1903018,48.81443405151367,-18.761289596557617,151.57893,15.980034,24.787811,12.427906,943,gt3l,processed_ATL08_20181129100805_09430114_004_01.h5
1903019,1903023,48.81433868408203,-18.76038932800293,170.42525,7.1029086,14.520035,7.586716,943,gt3l,processed_ATL08_20181129100805_09430114_004_01.h5
1903024,1903027,48.81424331665039,-18.759489059448242,167.09357,,18.488113,,943,gt3l,processed_ATL08_20181129100805_09430114_004_01.h5
1903030,1903033,48.81415557861328,-18.758588790893555,154.48186,30.861954,19.370926,17.75602,943,gt3l,processed_ATL08_20181129100805_09430114_004_01.h5
1903034,1903037,48.814064025878906,-18.757688522338867,128.86371,14.009237,21.492203,9.110921,943,gt3l,processed_ATL08_20181129100805_09430114_004_01.h5
1903039,1903043,48.813968658447266,-18.75678825378418,120.91706,,16.327072,,943,gt3l,processed_ATL08_20181129100805_09430114_004_01.h5
1903044,1903048,48.81387710571289,-18.755887985229492,109.559296,9.736496,13.472435,7.358504,943,gt3l,processed_ATL08_20181129100805_09430114_004_01.h5
1903049,1903053,48.81378173828125,-18.754989624023438,110.77679,4.9477234,16.943497,4.7636976,943,gt3l,processed_ATL08_20181129100805_09430114_004_01.h5
1903054,1903058,48.81368637084961,-18.75408935546875,104.86952,20.995907,24.459557,12.501638,943,gt3l,processed_ATL08_20181129100805_09430114_004_01.h5
1903059,1903063,48.81359100341797,-18.753189086914062,100.6188,17.197458,17.084526,9.072164,943,gt3l,processed_ATL08_20181129100805_09430114_004_01.h5
1903064,1903068,48.81349182128906,-18.752288818359375,117.15521,7.4877396,15.461075,6.624616,943,gt3l,processed_ATL08_20181129100805_09430114_004_01.h5
1903069,1903073,48.81340026855469,-18.751388549804688,108.86404,21.245445,35.24643,19.4592,943,gt3l,processed_ATL08_20181129100805_09430114_004_01.h5
1903074,1903078,48.81330871582031,-18.75048828125,57.442253,,38.28697,,943,gt3l,processed_ATL08_20181129100805_09430114_004_01.h5
1903079,1903083,48.813209533691406,-18.749589920043945,102.52137,,15.864929,,943,gt3l,processed_ATL08_20181129100805_09430114_004_01.h5
1903084,1903088,48.8131103515625,-18.748689651489258,109.86665,,15.237022,,943,gt3l,processed_ATL08_20181129100805_09430114_004_01.h5
1903089,1903093,48.81301498413086,-18.74778938293457,98.96417,14.021017,26.737358,8.628933,943,gt3l,processed_ATL08_20181129100805_09430114_004_01.h5
1903094,1903098,48.812923431396484,-18.746889114379883,67.491264,4.4169116,27.786171,4.7020164,943,gt3l,processed_ATL08_20181129100805_09430114_004_01.h5
1903099,1903103,48.812828063964844,-18.745988845825195,68.65723,2.0188215,20.406433,2.6379464,943,gt3l,processed_ATL08_20181129100805_09430114_004_01.h5
1903104,1903108,48.81272506713867,-18.74509048461914,84.737915,,29.775986,,943,gt3l,processed_ATL08_20181129100805_09430114_004_01.h5
1903109,1903113,48.81262969970703,-18.744190216064453,99.19153,14.064322,24.356201,6.875586,943,gt3l,processed_ATL08_20181129100805_09430114_004_01.h5
1903115,1903118,48.812530517578125,-18.743289947509766,111.57323,,24.414574,,943,gt3l,processed_ATL08_20181129100805_09430114_004_01.h5
1903120,1903123,48.812435150146484,-18.74239158630371,107.64395,21.263454,26.282333,11.156281,943,gt3l,processed_ATL08_20181129100805_09430114_004_01.h5
1903124,1903128,48.812339782714844,-18.741491317749023,82.86218,14.715507,22.131516,6.002447,943,gt3l,processed_ATL08_20181129100805_09430114_004_01.h5
1903129,1903133,48.8122444152832,-18.740591049194336,65.841805,13.190157,15.303684,3.7842104,943,gt3l,processed_ATL08_20181129100805_09430114_004_01.h5
1903134,1903138,48.8121452331543,-18.73969268798828,71.93188,,15.926819,,943,gt3l,processed_ATL08_20181129100805_09430114_004_01.h5
1903139,1903143,48.812049865722656,-18.738792419433594,54.828518,3.8873677,15.024807,3.6445348,943,gt3l,processed_ATL08_20181129100805_09430114_004_01.h5
1903144,1903148,48.811954498291016,-18.737892150878906,45.53957,0.40932176,14.743156,0.6176659,943,gt3l,processed_ATL08_20181129100805_09430114_004_01.h5
1903149,1903153,48.81185531616211,-18.73699188232422,46.860615,5.0394955,25.123512,5.075726,943,gt3l,processed_ATL08_20181129100805_09430114_004_01.h5
1903154,1903158,48.8117561340332,-18.73609161376953,35.43643,,25.302246,,943,gt3l,processed_ATL08_20181129100805_09430114_004_01.h5
1903159,1903163,48.8116569519043,-18.735193252563477,41.1263,0.2953336,31.311657,0.47534835,943,gt3l,processed_ATL08_20181129100805_09430114_004_01.h5
1903174,1903178,48.81135940551758,-18.732494354248047,56.077423,,43.47991,,943,gt3l,processed_ATL08_20181129100805_09430114_004_01.h5
1903179,1903183,48.81126022338867,-18.73159408569336,54.643406,,39.059998,,943,gt3l,processed_ATL08_20181129100805_09430114_004_01.h5
1903244,1903248,48.809959411621094,-18.71990203857422,114.394844,,42.995667,,943,gt3l,processed_ATL08_20181129100805_09430114_004_01.h5
1903249,1903253,48.809852600097656,-18.71900177001953,130.02399,,40.31604,,943,gt3l,processed_ATL08_20181129100805_09430114_004_01.h5
1903254,1903258,48.809749603271484,-18.718103408813477,173.38274,,34.316833,,943,gt3l,processed_ATL08_20181129100805_09430114_004_01.h5
1903259,1903263,48.80965042114258,-18.71720314025879,184.59929,,33.37773,,943,gt3l,processed_ATL08_20181129100805_09430114_004_01.h5
1903264,1903268,48.809547424316406,-18.716304779052734,184.65042,,42.03586,,943,gt3l,processed_ATL08_20181129100805_09430114_004_01.h5
1903269,1903273,48.809444427490234,-18.71540641784668,205.50803,,48.35959,,943,gt3l,processed_ATL08_20181129100805_09430114_004_01.h5
1903274,1903278,48.80934524536133,-18.714506149291992,216.03535,,45.216736,,943,gt3l,processed_ATL08_20181129100805_09430114_004_01.h5
1903279,1903283,48.80923080444336,-18.713607788085938,212.76584,,41.330276,,943,gt3l,processed_ATL08_20181129100805_09430114_004_01.h5
1903284,1903288,48.809139251708984,-18.71270751953125,194.35156,,51.04988,,943,gt3l,processed_ATL08_20181129100805_09430114_004_01.h5
1903289,1903293,48.809043884277344,-18.711807250976562,188.18484,,48.632614,,943,gt3l,processed_ATL08_20181129100805_09430114_004_01.h5
1903294,1903298,48.808937072753906,-18.710908889770508,218.78944,,33.216965,,943,gt3l,processed_ATL08_20181129100805_09430114_004_01.h5
1903299,1903303,48.808834075927734,-18.71000862121582,233.76746,34.028248,34.02939,20.919622,943,gt3l,processed_ATL08_20181129100805_09430114_004_01.h5
1903304,1903307,48.80873107910156,-18.709110260009766,272.97104,69.11032,38.24408,34.478504,943,gt3l,processed_ATL08_20181129100805_09430114_004_01.h5
1903309,1903313,48.808624267578125,-18.70821189880371,303.0716,60.957893,30.284637,34.57361,943,gt3l,processed_ATL08_20181129100805_09430114_004_01.h5
1903314,1903318,48.80852127075195,-18.707311630249023,332.7525,67.7405,29.900177,29.056488,943,gt3l,processed_ATL08_20181129100805_09430114_004_01.h5
1903319,1903323,48.80841827392578,-18.70641326904297,357.14017,,32.43811,,943,gt3l,processed_ATL08_20181129100805_09430114_004_01.h5
1903324,1903328,48.808311462402344,-18.705514907836914,369.54935,,29.318054,,943,gt3l,processed_ATL08_20181129100805_09430114_004_01.h5
1903329,1903333,48.80820846557617,-18.704614639282227,381.5479,,40.203735,,943,gt3l,processed_ATL08_20181129100805_09430114_004_01.h5
1903339,1903343,48.808013916015625,-18.702816009521484,347.2998,,50.336426,,943,gt3l,processed_ATL08_20181129100805_09430114_004_01.h5
1903344,1903348,48.80791091918945,-18.701915740966797,361.4669,,54.575684,,943,gt3l,processed_ATL08_20181129100805_09430114_004_01.h5
1899055,1899059,48.85908126831055,-19.47672462463379,56.951332,0.87112725,6.0860443,0.9186776,943,gt2r,processed_ATL08_20181129100805_09430114_004_01.h5
1899060,1899064,48.85899353027344,-19.4758243560791,60.599064,0.8007996,4.5949516,0.7963427,943,gt2r,processed_ATL08_20181129100805_09430114_004_01.h5
1899065,1899069,48.85890197753906,-19.474924087524414,55.651325,3.21803,8.954193,1.5201869,943,gt2r,processed_ATL08_20181129100805_09430114_004_01.h5
1899070,1899074,48.85881805419922,-19.474023818969727,44.971912,0.50550616,12.418766,0.44415337,943,gt2r,processed_ATL08_20181129100805_09430114_004_01.h5
1899075,1899079,48.858734130859375,-19.473121643066406,47.92392,3.1926258,9.87841,1.0693133,943,gt2r,processed_ATL08_20181129100805_09430114_004_01.h5
1899080,1899084,48.858638763427734,-19.47222137451172,50.359005,,10.440907,,943,gt2r,processed_ATL08_20181129100805_09430114_004_01.h5
1899085,1899089,48.85854721069336,-19.47132110595703,48.06894,1.80131,9.410801,1.2716016,943,gt2r,processed_ATL08_20181129100805_09430114_004_01.h5
1899090,1899094,48.85846710205078,-19.470420837402344,51.516956,,13.567127,,943,gt2r,processed_ATL08_20181129100805_09430114_004_01.h5
1899095,1899099,48.858375549316406,-19.469520568847656,55.39668,1.3458222,8.638939,1.1859188,943,gt2r,processed_ATL08_20181129100805_09430114_004_01.h5
1899100,1899104,48.85828399658203,-19.46862030029297,58.53191,,9.103733,,943,gt2r,processed_ATL08_20181129100805_09430114_004_01.h5
1899105,1899109,48.85820007324219,-19.46772003173828,65.72075,5.663887,5.537178,1.2739831,943,gt2r,processed_ATL08_20181129100805_09430114_004_01.h5
1899110,1899114,48.85811233520508,-19.466819763183594,55.77102,0.34618247,10.053322,0.45084855,943,gt2r,processed_ATL08_20181129100805_09430114_004_01.h5
1899115,1899119,48.8580207824707,-19.465919494628906,54.613174,4.351402,10.310574,1.0897781,943,gt2r,processed_ATL08_20181129100805_09430114_004_01.h5
1899120,1899124,48.857933044433594,-19.46501922607422,67.43558,0.8580067,7.86018,1.1237388,943,gt2r,processed_ATL08_20181129100805_09430114_004_01.h5
1899125,1899129,48.857845306396484,-19.4641170501709,70.64368,1.160395,5.359726,1.0266883,943,gt2r,processed_ATL08_20181129100805_09430114_004_01.h5
1899130,1899134,48.857757568359375,-19.46321678161621,62.98016,3.3371842,7.115219,0.8828596,943,gt2r,processed_ATL08_20181129100805_09430114_004_01.h5
1899135,1899139,48.857666015625,-19.462316513061523,74.33348,1.67574,5.4735413,0.9345073,943,gt2r,processed_ATL08_20181129100805_09430114_004_01.h5
1899140,1899144,48.85757064819336,-19.461416244506836,75.8939,0.8028888,3.7423172,1.0496887,943,gt2r,processed_ATL08_20181129100805_09430114_004_01.h5
1899145,1899149,48.85748291015625,-19.46051597595215,63.37438,1.3225287,5.9401283,0.9154657,943,gt2r,processed_ATL08_20181129100805_09430114_004_01.h5
1899150,1899154,48.857398986816406,-19.45961570739746,56.777267,0.27618772,7.878628,0.39262888,943,gt2r,processed_ATL08_20181129100805_09430114_004_01.h5
1899155,1899159,48.85730743408203,-19.458715438842773,52.503754,1.8756124,11.001606,0.6875701,943,gt2r,processed_ATL08_20181129100805_09430114_004_01.h5
1899160,1899164,48.857215881347656,-19.457815170288086,49.21703,,10.6904335,,943,gt2r,processed_ATL08_20181129100805_09430114_004_01.h5
1899165,1899169,48.85712432861328,-19.4569149017334,41.936,0.5388509,13.476078,0.43683082,943,gt2r,processed_ATL08_20181129100805_09430114_004_01.h5
1899170,1899174,48.85703659057617,-19.45601463317871,35.578453,1.0779998,12.780842,0.2577157,943,gt2r,processed_ATL08_20181129100805_09430114_004_01.h5
1899175,1899179,48.85694885253906,-19.455114364624023,30.036062,0.4889365,12.537483,0.35341156,943,gt2r,processed_ATL08_20181129100805_09430114_004_01.h5
1899180,1899184,48.85686111450195,-19.454214096069336,26.272785,,12.082483,,943,gt2r,processed_ATL08_20181129100805_09430114_004_01.h5
1899185,1899189,48.85676956176758,-19.45331382751465,32.066296,,11.0887985,,943,gt2r,processed_ATL08_20181129100805_09430114_004_01.h5
1899190,1899194,48.85668182373047,-19.45241355895996,32.928253,1.341025,10.215073,0.60897917,943,gt2r,processed_ATL08_20181129100805_09430114_004_01.h5
1899195,1899199,48.85658645629883,-19.451513290405273,29.374739,,13.847424,,943,gt2r,processed_ATL08_20181129100805_09430114_004_01.h5
1899200,1899204,48.85649490356445,-19.450613021850586,19.24234,1.4037093,13.440094,0.8997733,943,gt2r,processed_ATL08_20181129100805_09430114_004_01.h5
1899205,1899209,48.85640335083008,-19.4497127532959,15.531561,0.656519,14.014837,0.65772,943,gt2r,processed_ATL08_20181129100805_09430114_004_01.h5
1899210,1899214,48.85631561279297,-19.44881248474121,5.439166,,16.637678,,943,gt2r,processed_ATL08_20181129100805_09430114_004_01.h5
1899215,1899219,48.856224060058594,-19.447912216186523,-4.162783,0.013841382,15.14563,0.040171035,943,gt2r,processed_ATL08_20181129100805_09430114_004_01.h5
1899220,1899224,48.85613250732422,-19.447011947631836,-4.122338,0.015947651,,,943,gt2r,processed_ATL08_20181129100805_09430114_004_01.h5
1899225,1899229,48.856040954589844,-19.44611167907715,-2.406578,0.09013459,10.547706,0.094380446,943,gt2r,processed_ATL08_20181129100805_09430114_004_01.h5
1899230,1899234,48.8559455871582,-19.44521141052246,12.403482,1.1049105,15.029271,0.6341446,943,gt2r,processed_ATL08_20181129100805_09430114_004_01.h5
1899235,1899239,48.85585403442383,-19.444311141967773,39.514507,1.2623274,13.588528,1.0203227,943,gt2r,processed_ATL08_20181129100805_09430114_004_01.h5
1899240,1899244,48.85576248168945,-19.443410873413086,39.83436,1.4574683,9.044197,0.66368747,943,gt2r,processed_ATL08_20181129100805_09430114_004_01.h5
1899245,1899249,48.85566711425781,-19.44251251220703,35.85115,1.5233569,10.831013,0.98410374,943,gt2r,processed_ATL08_20181129100805_09430114_004_01.h5
1899250,1899254,48.8555793762207,-19.44161033630371,39.746506,,13.817043,,943,gt2r,processed_ATL08_20181129100805_09430114_004_01.h5
1899255,1899259,48.85548782348633,-19.440710067749023,38.785633,,15.230148,,943,gt2r,processed_ATL08_20181129100805_09430114_004_01.h5
1899260,1899264,48.85539627075195,-19.43981170654297,38.904926,0.7555401,9.853725,0.6396381,943,gt2r,processed_ATL08_20181129100805_09430114_004_01.h5
1899265,1899269,48.85530471801758,-19.43891143798828,40.967213,0.51940054,9.209179,0.66772,943,gt2r,processed_ATL08_20181129100805_09430114_004_01.h5
1899270,1899274,48.85520553588867,-19.438011169433594,42.463913,4.608244,13.170326,1.4628223,943,gt2r,processed_ATL08_20181129100805_09430114_004_01.h5
1899275,1899279,48.85511016845703,-19.437110900878906,30.687721,0.52123827,13.358543,0.6170455,943,gt2r,processed_ATL08_20181129100805_09430114_004_01.h5
1899280,1899284,48.85502243041992,-19.43621063232422,41.028408,,8.92556,,943,gt2r,processed_ATL08_20181129100805_09430114_004_01.h5
1899285,1899289,48.85492706298828,-19.43531036376953,39.71821,4.3322697,6.9464684,1.2161789,943,gt2r,processed_ATL08_20181129100805_09430114_004_01.h5
1899290,1899294,48.85483169555664,-19.434412002563477,32.959686,1.7333803,14.242619,1.163873,943,gt2r,processed_ATL08_20181129100805_09430114_004_01.h5
1899295,1899299,48.85474395751953,-19.433509826660156,38.478466,,12.074688,,943,gt2r,processed_ATL08_20181129100805_09430114_004_01.h5
1899300,1899304,48.85464859008789,-19.4326114654541,46.384686,1.5647472,10.709999,0.61541265,943,gt2r,processed_ATL08_20181129100805_09430114_004_01.h5
1899305,1899309,48.85455322265625,-19.431711196899414,46.067635,,9.012207,,943,gt2r,processed_ATL08_20181129100805_09430114_004_01.h5
1899310,1899314,48.854461669921875,-19.430810928344727,48.485756,1.3309183,7.4138107,1.0430776,943,gt2r,processed_ATL08_20181129100805_09430114_004_01.h5
1899315,1899319,48.854366302490234,-19.42991065979004,46.460045,0.6447554,7.799507,0.6875667,943,gt2r,processed_ATL08_20181129100805_09430114_004_01.h5
1899320,1899324,48.854270935058594,-19.42901039123535,49.607395,2.6395922,10.479622,1.1433045,943,gt2r,processed_ATL08_20181129100805_09430114_004_01.h5
1899325,1899329,48.85417556762695,-19.428112030029297,54.52958,0.6413487,8.863377,0.7101352,943,gt2r,processed_ATL08_20181129100805_09430114_004_01.h5
1899330,1899334,48.85408020019531,-19.42721176147461,51.451008,0.9582683,12.101109,0.9537135,943,gt2r,processed_ATL08_20181129100805_09430114_004_01.h5
1899335,1899339,48.853981018066406,-19.426311492919922,37.73258,,12.36961,,943,gt2r,processed_ATL08_20181129100805_09430114_004_01.h5
1899340,1899344,48.85388946533203,-19.425411224365234,18.551214,0.13755454,17.45296,0.24648127,943,gt2r,processed_ATL08_20181129100805_09430114_004_01.h5
1899345,1899349,48.853797912597656,-19.424510955810547,17.071043,0.8232425,10.412764,0.39739972,943,gt2r,processed_ATL08_20181129100805_09430114_004_01.h5
1899350,1899354,48.853702545166016,-19.423612594604492,15.719779,,15.720306,,943,gt2r,processed_ATL08_20181129100805_09430114_004_01.h5
1899355,1899359,48.853607177734375,-19.422712326049805,14.563688,0.42610812,17.612906,0.3785798,943,gt2r,processed_ATL08_20181129100805_09430114_004_01.h5
1899360,1899364,48.85350799560547,-19.421812057495117,38.45243,,18.19583,,943,gt2r,processed_ATL08_20181129100805_09430114_004_01.h5
1899365,1899369,48.85341262817383,-19.42091178894043,27.954247,1.0349283,17.71022,0.9348546,943,gt2r,processed_ATL08_20181129100805_09430114_004_01.h5
1899370,1899374,48.85331726074219,-19.420013427734375,20.493671,,12.924221,,943,gt2r,processed_ATL08_20181129100805_09430114_004_01.h5
1899375,1899379,48.85322189331055,-19.419113159179688,32.06738,,14.4868965,,943,gt2r,processed_ATL08_20181129100805_09430114_004_01.h5
1899380,1899384,48.853118896484375,-19.418214797973633,36.054565,1.5784676,6.788059,0.7610683,943,gt2r,processed_ATL08_20181129100805_09430114_004_01.h5
1899385,1899389,48.853023529052734,-19.417314529418945,45.506927,3.1877983,8.068493,1.1194698,943,gt2r,processed_ATL08_20181129100805_09430114_004_01.h5
1899390,1899394,48.85293197631836,-19.416414260864258,55.791126,1.5525392,6.345932,1.213252,943,gt2r,processed_ATL08_20181129100805_09430114_004_01.h5
1899395,1899399,48.85283660888672,-19.41551399230957,47.859528,0.506328,11.597359,0.64771956,943,gt2r,processed_ATL08_20181129100805_09430114_004_01.h5
1899400,1899404,48.85273742675781,-19.414615631103516,43.8034,,15.294819,,943,gt2r,processed_ATL08_20181129100805_09430114_004_01.h5
1899405,1899409,48.85264205932617,-19.413715362548828,33.237637,1.5175213,12.557247,0.95469487,943,gt2r,processed_ATL08_20181129100805_09430114_004_01.h5
1899410,1899414,48.85254669189453,-19.41281509399414,37.501553,,12.7582855,,943,gt2r,processed_ATL08_20181129100805_09430114_004_01.h5
1899415,1899419,48.852447509765625,-19.411914825439453,45.091972,,23.205597,,943,gt2r,processed_ATL08_20181129100805_09430114_004_01.h5
1899420,1899424,48.852352142333984,-19.4110164642334,44.54455,,18.884224,,943,gt2r,processed_ATL08_20181129100805_09430114_004_01.h5
1899425,1899429,48.85225296020508,-19.41011619567871,32.33748,1.6416608,15.183723,0.6651432,943,gt2r,processed_ATL08_20181129100805_09430114_004_01.h5
1899430,1899434,48.85215377807617,-19.409215927124023,27.602428,0.7305705,13.108204,0.42644295,943,gt2r,processed_ATL08_20181129100805_09430114_004_01.h5
1899435,1899439,48.852054595947266,-19.40831756591797,33.99718,,18.474289,,943,gt2r,processed_ATL08_20181129100805_09430114_004_01.h5
1899440,1899444,48.851959228515625,-19.40741729736328,15.107662,1.1116692,17.014448,0.6030527,943,gt2r,processed_ATL08_20181129100805_09430114_004_01.h5
1899445,1899449,48.851863861083984,-19.406517028808594,1.3965342,0.014612206,12.77565,0.12333812,943,gt2r,processed_ATL08_20181129100805_09430114_004_01.h5
1899450,1899454,48.85176467895508,-19.40561866760254,0.1267581,0.008732216,9.962175,0.044552542,943,gt2r,processed_ATL08_20181129100805_09430114_004_01.h5
1899455,1899459,48.85166549682617,-19.40471839904785,1.9354645,0.0090646725,12.464851,0.050416645,943,gt2r,processed_ATL08_20181129100805_09430114_004_01.h5
1899460,1899464,48.8515625,-19.403820037841797,5.02637,0.1793999,15.631,0.493511,943,gt2r,processed_ATL08_20181129100805_09430114_004_01.h5
1899465,1899469,48.85146713256836,-19.402921676635742,13.692121,,18.870724,,943,gt2r,processed_ATL08_20181129100805_09430114_004_01.h5
1899470,1899474,48.85137176513672,-19.402019500732422,10.522424,0.22883612,10.103367,0.3163387,943,gt2r,processed_ATL08_20181129100805_09430114_004_01.h5
1899475,1899479,48.85126495361328,-19.401121139526367,22.889547,,18.77403,,943,gt2r,processed_ATL08_20181129100805_09430114_004_01.h5
1899480,1899484,48.851165771484375,-19.400222778320312,21.442347,,13.370293,,943,gt2r,processed_ATL08_20181129100805_09430114_004_01.h5
1899485,1899489,48.85106658935547,-19.399322509765625,15.555627,,17.553925,,943,gt2r,processed_ATL08_20181129100805_09430114_004_01.h5
1899490,1899494,48.85097122192383,-19.398422241210938,10.858703,0.22591983,11.963993,0.2978393,943,gt2r,processed_ATL08_20181129100805_09430114_004_01.h5
1899495,1899499,48.850868225097656,-19.397523880004883,9.013779,0.38523692,10.677202,0.33706027,943,gt2r,processed_ATL08_20181129100805_09430114_004_01.h5
1899500,1899504,48.85076904296875,-19.396623611450195,3.4361997,0.014373511,12.334633,0.08192651,943,gt2r,processed_ATL08_20181129100805_09430114_004_01.h5
1899505,1899509,48.850669860839844,-19.39572525024414,11.965453,1.0470002,16.405968,0.7484167,943,gt2r,processed_ATL08_20181129100805_09430114_004_01.h5
1899510,1899514,48.8505744934082,-19.394824981689453,13.127806,0.8377176,17.91521,0.71551406,943,gt2r,processed_ATL08_20181129100805_09430114_004_01.h5
1899515,1899519,48.85047149658203,-19.393924713134766,11.646112,,15.855001,,943,gt2r,processed_ATL08_20181129100805_09430114_004_01.h5
1899520,1899524,48.85036849975586,-19.39302635192871,4.0039206,0.013047493,9.377523,0.03282079,943,gt2r,processed_ATL08_20181129100805_09430114_004_01.h5
1899525,1899529,48.85026931762695,-19.392126083374023,13.616,0.6127253,14.583964,0.5018011,943,gt2r,processed_ATL08_20181129100805_09430114_004_01.h5
1899530,1899534,48.85017776489258,-19.39122772216797,21.531034,,11.652643,,943,gt2r,processed_ATL08_20181129100805_09430114_004_01.h5
1899535,1899539,48.85007858276367,-19.39032745361328,17.773544,0.90848106,5.6602173,0.18480836,943,gt2r,processed_ATL08_20181129100805_09430114_004_01.h5
1899540,1899544,48.849971771240234,-19.389429092407227,10.331668,0.17774585,7.5334387,0.13850161,943,gt2r,processed_ATL08_20181129100805_09430114_004_01.h5
1899545,1899549,48.84987258911133,-19.38852882385254,20.862946,0.8700811,12.781336,0.523772,943,gt2r,processed_ATL08_20181129100805_09430114_004_01.h5
1899550,1899554,48.84977340698242,-19.387630462646484,40.175247,,11.331223,,943,gt2r,processed_ATL08_20181129100805_09430114_004_01.h5
1899555,1899559,48.84967041015625,-19.386730194091797,42.603348,3.0117774,10.195217,1.2605298,943,gt2r,processed_ATL08_20181129100805_09430114_004_01.h5
1899560,1899564,48.84956741333008,-19.385831832885742,38.487427,,8.83371,,943,gt2r,processed_ATL08_20181129100805_09430114_004_01.h5
1899565,1899569,48.84946823120117,-19.384931564331055,20.677858,0.73911536,14.507364,0.7863315,943,gt2r,processed_ATL08_20181129100805_09430114_004_01.h5
1899570,1899574,48.849369049072266,-19.384033203125,19.596762,1.0648171,23.19852,1.2482761,943,gt2r,processed_ATL08_20181129100805_09430114_004_01.h5
1899575,1899579,48.84926986694336,-19.383132934570312,36.79512,,22.515476,,943,gt2r,processed_ATL08_20181129100805_09430114_004_01.h5
1899580,1899584,48.84917068481445,-19.382234573364258,19.565722,0.24235168,18.19417,0.28126532,943,gt2r,processed_ATL08_20181129100805_09430114_004_01.h5
1899585,1899589,48.84907150268555,-19.38133430480957,18.62701,1.5851885,11.5371475,0.38989255,943,gt2r,processed_ATL08_20181129100805_09430114_004_01.h5
1899590,1899594,48.848968505859375,-19.380435943603516,35.772175,1.597618,17.38131,0.56636477,943,gt2r,processed_ATL08_20181129100805_09430114_004_01.h5
1899595,1899599,48.8488655090332,-19.379535675048828,59.46725,6.3663306,16.356918,2.638168,943,gt2r,processed_ATL08_20181129100805_09430114_004_01.h5
1899600,1899604,48.84876251220703,-19.378637313842773,74.52494,3.4731631,13.886757,1.6085442,943,gt2r,processed_ATL08_20181129100805_09430114_004_01.h5
1899605,1899609,48.848663330078125,-19.377737045288086,78.234665,,9.955498,,943,gt2r,processed_ATL08_20181129100805_09430114_004_01.h5
1899610,1899614,48.84856033325195,-19.37683868408203,88.46236,4.068264,7.222557,1.2627596,943,gt2r,processed_ATL08_20181129100805_09430114_004_01.h5
1899615,1899619,48.84845733642578,-19.375938415527344,101.27075,2.0979614,7.177887,1.9521859,943,gt2r,processed_ATL08_20181129100805_09430114_004_01.h5
1899620,1899624,48.84835433959961,-19.37504005432129,107.06693,1.2022487,5.180519,1.4668406,943,gt2r,processed_ATL08_20181129100805_09430114_004_01.h5
1899625,1899629,48.8482551574707,-19.3741397857666,112.68796,1.8107388,4.865143,1.8970284,943,gt2r,processed_ATL08_20181129100805_09430114_004_01.h5
1899630,1899634,48.8481559753418,-19.373241424560547,113.24427,3.9015164,10.331711,2.9240685,943,gt2r,processed_ATL08_20181129100805_09430114_004_01.h5
1899635,1899639,48.84805679321289,-19.37234115600586,115.73974,2.9440386,5.3347473,2.1200194,943,gt2r,processed_ATL08_20181129100805_09430114_004_01.h5
1899640,1899644,48.847957611083984,-19.371442794799805,101.22291,1.7143451,7.8105087,1.5309681,943,gt2r,processed_ATL08_20181129100805_09430114_004_01.h5
1899645,1899649,48.84785842895508,-19.37054443359375,79.36841,2.4344697,8.59314,1.1058667,943,gt2r,processed_ATL08_20181129100805_09430114_004_01.h5
1899650,1899654,48.84775924682617,-19.369644165039062,37.197243,0.8256445,11.390793,0.82332134,943,gt2r,processed_ATL08_20181129100805_09430114_004_01.h5
1899655,1899659,48.84765625,-19.368743896484375,22.32423,0.07252179,10.04644,0.11270178,943,gt2r,processed_ATL08_20181129100805_09430114_004_01.h5
1899660,1899664,48.847557067871094,-19.36784553527832,23.627928,0.113994874,12.631035,0.19066232,943,gt2r,processed_ATL08_20181129100805_09430114_004_01.h5
1899665,1899669,48.84745407104492,-19.366945266723633,56.62511,3.1560347,13.4445305,1.193328,943,gt2r,processed_ATL08_20181129100805_09430114_004_01.h5
1899670,1899674,48.847354888916016,-19.366046905517578,61.338867,,14.570835,,943,gt2r,processed_ATL08_20181129100805_09430114_004_01.h5
1899675,1899679,48.84725570678711,-19.36514663696289,58.67357,,13.473072,,943,gt2r,processed_ATL08_20181129100805_09430114_004_01.h5
1899680,1899684,48.8471565246582,-19.364246368408203,38.385803,0.94282573,11.863476,0.79757327,943,gt2r,processed_ATL08_20181129100805_09430114_004_01.h5
1899685,1899689,48.8470573425293,-19.36334800720215,30.758467,0.22492845,7.6471825,0.32396388,943,gt2r,processed_ATL08_20181129100805_09430114_004_01.h5
1899690,1899694,48.846954345703125,-19.36244773864746,40.20231,2.0943904,12.594109,1.1831183,943,gt2r,processed_ATL08_20181129100805_09430114_004_01.h5
1899695,1899699,48.84685516357422,-19.361549377441406,46.114693,,15.434505,,943,gt2r,processed_ATL08_20181129100805_09430114_004_01.h5
1899700,1899704,48.84675598144531,-19.36064910888672,44.097317,0.306654,18.686615,0.37134075,943,gt2r,processed_ATL08_20181129100805_09430114_004_01.h5
1899705,1899709,48.84665298461914,-19.359750747680664,38.893234,3.2496355,14.931591,1.9521427,943,gt2r,processed_ATL08_20181129100805_09430114_004_01.h5
1899710,1899714,48.846553802490234,-19.358850479125977,37.245934,,16.673801,,943,gt2r,processed_ATL08_20181129100805_09430114_004_01.h5
1899715,1899719,48.846458435058594,-19.35795021057129,35.27916,,19.532352,,943,gt2r,processed_ATL08_20181129100805_09430114_004_01.h5
1899720,1899724,48.84636306762695,-19.357051849365234,19.965647,0.097043455,12.924685,0.1589216,943,gt2r,processed_ATL08_20181129100805_09430114_004_01.h5
1899725,1899729,48.84626007080078,-19.356151580810547,24.535282,0.1931426,17.009438,0.35604724,943,gt2r,processed_ATL08_20181129100805_09430114_004_01.h5
1899730,1899734,48.84615707397461,-19.355253219604492,33.78145,,17.742851,,943,gt2r,processed_ATL08_20181129100805_09430114_004_01.h5
1899735,1899739,48.84606170654297,-19.354352951049805,32.360565,2.5048704,21.038605,0.77217996,943,gt2r,processed_ATL08_20181129100805_09430114_004_01.h5
1899740,1899744,48.84596252441406,-19.35345458984375,29.89344,1.5003319,17.66906,1.2131335,943,gt2r,processed_ATL08_20181129100805_09430114_004_01.h5
1899745,1899749,48.845863342285156,-19.352554321289062,25.252443,0.1522411,15.238281,0.23530859,943,gt2r,processed_ATL08_20181129100805_09430114_004_01.h5
1899750,1899754,48.845767974853516,-19.351654052734375,34.515255,,10.133183,,943,gt2r,processed_ATL08_20181129100805_09430114_004_01.h5
1899755,1899759,48.84566879272461,-19.35075569152832,28.872404,0.8989446,10.289963,0.9124366,943,gt2r,processed_ATL08_20181129100805_09430114_004_01.h5
1899760,1899764,48.84556579589844,-19.349855422973633,37.014145,,19.39141,,943,gt2r,processed_ATL08_20181129100805_09430114_004_01.h5
1899765,1899769,48.84546661376953,-19.348957061767578,39.816967,1.7315993,17.842232,1.3505477,943,gt2r,processed_ATL08_20181129100805_09430114_004_01.h5
1899770,1899774,48.84537124633789,-19.34805679321289,31.47409,1.8885943,11.383381,0.90422094,943,gt2r,processed_ATL08_20181129100805_09430114_004_01.h5
1899775,1899779,48.845272064208984,-19.347156524658203,27.440077,0.10581446,12.155046,0.16005749,943,gt2r,processed_ATL08_20181129100805_09430114_004_01.h5
1899780,1899784,48.84517288208008,-19.34625816345215,30.197409,0.8339343,10.5631695,0.77798164,943,gt2r,processed_ATL08_20181129100805_09430114_004_01.h5
1899785,1899789,48.84507751464844,-19.34535789489746,34.86975,3.442601,19.201275,1.4516664,943,gt2r,processed_ATL08_20181129100805_09430114_004_01.h5
1899790,1899794,48.84497833251953,-19.344457626342773,31.467876,2.4294322,21.725723,1.8283257,943,gt2r,processed_ATL08_20181129100805_09430114_004_01.h5
1899795,1899799,48.844879150390625,-19.34355926513672,33.74783,,21.68,,943,gt2r,processed_ATL08_20181129100805_09430114_004_01.h5
1899800,1899804,48.844783782958984,-19.34265899658203,31.088017,0.73517954,16.987133,0.87535083,943,gt2r,processed_ATL08_20181129100805_09430114_004_01.h5
1899805,1899809,48.84468460083008,-19.341760635375977,35.932083,1.0612766,15.303535,0.6806153,943,gt2r,processed_ATL08_20181129100805_09430114_004_01.h5
1899810,1899814,48.84458541870117,-19.34086036682129,44.7365,,9.322628,,943,gt2r,processed_ATL08_20181129100805_09430114_004_01.h5
1899815,1899819,48.84449005126953,-19.3399600982666,44.150795,1.7704235,8.954826,0.9133284,943,gt2r,processed_ATL08_20181129100805_09430114_004_01.h5
1899820,1899824,48.844390869140625,-19.339061737060547,37.309006,1.6523839,8.879059,0.7807003,943,gt2r,processed_ATL08_20181129100805_09430114_004_01.h5
1899825,1899829,48.844295501708984,-19.33816146850586,32.663788,0.08348547,6.118946,0.1224204,943,gt2r,processed_ATL08_20181129100805_09430114_004_01.h5
1899830,1899834,48.844200134277344,-19.337261199951172,32.382755,0.2789686,7.0770416,0.4112436,943,gt2r,processed_ATL08_20181129100805_09430114_004_01.h5
1899835,1899839,48.8441047668457,-19.336360931396484,32.32246,0.5735668,9.783337,0.39276782,943,gt2r,processed_ATL08_20181129100805_09430114_004_01.h5
1899840,1899844,48.8440055847168,-19.33546257019043,39.308178,0.7367097,6.736225,0.46459776,943,gt2r,processed_ATL08_20181129100805_09430114_004_01.h5
1899845,1899849,48.84390640258789,-19.334562301635742,47.37406,1.2818649,9.949806,1.2427493,943,gt2r,processed_ATL08_20181129100805_09430114_004_01.h5
1899850,1899854,48.843814849853516,-19.333662033081055,43.578594,1.9886104,11.902721,1.7142975,943,gt2r,processed_ATL08_20181129100805_09430114_004_01.h5
1899855,1899859,48.843719482421875,-19.332761764526367,30.635796,0.41216284,14.16608,0.55681974,943,gt2r,processed_ATL08_20181129100805_09430114_004_01.h5
1899860,1899864,48.843624114990234,-19.331863403320312,31.575731,2.5595362,12.058931,0.30748507,943,gt2r,processed_ATL08_20181129100805_09430114_004_01.h5
1899865,1899869,48.84352493286133,-19.330963134765625,29.599323,0.6568139,9.203606,0.7156571,943,gt2r,processed_ATL08_20181129100805_09430114_004_01.h5
1899870,1899874,48.84342956542969,-19.330062866210938,30.97987,2.4270444,9.073627,0.6198249,943,gt2r,processed_ATL08_20181129100805_09430114_004_01.h5
1899875,1899879,48.84333419799805,-19.32916259765625,35.249462,,18.900864,,943,gt2r,processed_ATL08_20181129100805_09430114_004_01.h5
1899880,1899884,48.84324264526367,-19.328262329101562,30.850973,2.063857,19.53597,1.8720983,943,gt2r,processed_ATL08_20181129100805_09430114_004_01.h5
1899885,1899889,48.843143463134766,-19.327363967895508,32.77556,2.693255,13.284012,0.706332,943,gt2r,processed_ATL08_20181129100805_09430114_004_01.h5
1899890,1899894,48.84305191040039,-19.32646369934082,25.821655,0.34131312,12.874504,0.4301081,943,gt2r,processed_ATL08_20181129100805_09430114_004_01.h5
1899895,1899899,48.842960357666016,-19.325563430786133,24.768261,0.41312316,13.681715,0.557741,943,gt2r,processed_ATL08_20181129100805_09430114_004_01.h5
1899900,1899904,48.842864990234375,-19.324663162231445,24.211208,1.4872899,11.399752,0.8092978,943,gt2r,processed_ATL08_20181129100805_09430114_004_01.h5
1899905,1899909,48.842769622802734,-19.32376480102539,34.581253,3.0915847,7.6377106,0.46968788,943,gt2r,processed_ATL08_20181129100805_09430114_004_01.h5
1899910,1899914,48.84267044067383,-19.322864532470703,35.100906,,13.171341,,943,gt2r,processed_ATL08_20181129100805_09430114_004_01.h5
1899915,1899919,48.84257507324219,-19.321964263916016,21.38501,0.06297762,14.581217,0.11256336,943,gt2r,processed_ATL08_20181129100805_09430114_004_01.h5
1899920,1899924,48.84248352050781,-19.321063995361328,21.22826,0.2875451,17.10423,0.35714632,943,gt2r,processed_ATL08_20181129100805_09430114_004_01.h5
1899925,1899929,48.84239196777344,-19.32016372680664,28.220392,,13.407982,,943,gt2r,processed_ATL08_20181129100805_09430114_004_01.h5
1899930,1899934,48.8422966003418,-19.319263458251953,31.323578,,11.355825,,943,gt2r,processed_ATL08_20181129100805_09430114_004_01.h5
1899935,1899939,48.842201232910156,-19.3183650970459,21.695122,0.12929757,12.257616,0.18773903,943,gt2r,processed_ATL08_20181129100805_09430114_004_01.h5
1899940,1899944,48.84210968017578,-19.31746482849121,21.589882,1.0475061,15.716267,0.6133413,943,gt2r,processed_ATL08_20181129100805_09430114_004_01.h5
1899945,1899949,48.842018127441406,-19.316564559936523,26.77447,,15.695501,,943,gt2r,processed_ATL08_20181129100805_09430114_004_01.h5
1899950,1899954,48.841922760009766,-19.315664291381836,20.746008,0.65257764,15.887363,0.7529733,943,gt2r,processed_ATL08_20181129100805_09430114_004_01.h5
1899955,1899959,48.841827392578125,-19.31476402282715,21.231129,0.21107844,13.88274,0.2923044,943,gt2r,processed_ATL08_20181129100805_09430114_004_01.h5
1899960,1899964,48.84173583984375,-19.31386375427246,25.830437,1.1656488,16.123652,1.3313992,943,gt2r,processed_ATL08_20181129100805_09430114_004_01.h5
1899965,1899969,48.841644287109375,-19.312963485717773,40.83193,,15.72905,,943,gt2r,processed_ATL08_20181129100805_09430114_004_01.h5
1899970,1899974,48.841548919677734,-19.312063217163086,45.81311,1.958207,12.75695,1.5787799,943,gt2r,processed_ATL08_20181129100805_09430114_004_01.h5
1899975,1899979,48.841461181640625,-19.3111629486084,33.01259,0.54701656,15.742332,0.7286756,943,gt2r,processed_ATL08_20181129100805_09430114_004_01.h5
1899980,1899984,48.841365814208984,-19.31026268005371,36.9826,1.1869768,16.517956,0.7137672,943,gt2r,processed_ATL08_20181129100805_09430114_004_01.h5
1899985,1899989,48.84127426147461,-19.309364318847656,32.000458,1.2444613,16.107615,0.7416642,943,gt2r,processed_ATL08_20181129100805_09430114_004_01.h5
1899990,1899994,48.8411865234375,-19.30846405029297,11.406254,1.3724258,21.85438,0.79596734,943,gt2r,processed_ATL08_20181129100805_09430114_004_01.h5
1899995,1899999,48.841094970703125,-19.30756187438965,7.640134,0.09089271,20.24546,0.24221346,943,gt2r,processed_ATL08_20181129100805_09430114_004_01.h5
1900000,1900004,48.840999603271484,-19.306663513183594,10.719429,,10.597499,,943,gt2r,processed_ATL08_20181129100805_09430114_004_01.h5
1900005,1900009,48.840904235839844,-19.305763244628906,6.254904,0.07475342,12.661304,0.19057919,943,gt2r,processed_ATL08_20181129100805_09430114_004_01.h5
1900010,1900014,48.840816497802734,-19.30486297607422,3.0898483,0.11196274,12.691851,0.12830232,943,gt2r,processed_ATL08_20181129100805_09430114_004_01.h5
1900015,1900019,48.840728759765625,-19.30396270751953,5.469904,0.0087704845,5.3483043,0.02118366,943,gt2r,processed_ATL08_20181129100805_09430114_004_01.h5
1900020,1900024,48.84063720703125,-19.303062438964844,5.0329604,0.01787281,11.586539,0.060012635,943,gt2r,processed_ATL08_20181129100805_09430114_004_01.h5
1900025,1900029,48.84054946899414,-19.302162170410156,17.494133,0.7348065,14.279668,0.78446174,943,gt2r,processed_ATL08_20181129100805_09430114_004_01.h5
1900030,1900034,48.840450286865234,-19.30126190185547,28.384523,,16.082396,,943,gt2r,processed_ATL08_20181129100805_09430114_004_01.h5
1900035,1900039,48.84035873413086,-19.30036163330078,27.813007,1.5814905,18.372932,1.4313884,943,gt2r,processed_ATL08_20181129100805_09430114_004_01.h5
1900040,1900044,48.84027099609375,-19.299461364746094,27.596695,2.0537379,14.556465,1.1993295,943,gt2r,processed_ATL08_20181129100805_09430114_004_01.h5
1900045,1900049,48.84018325805664,-19.298561096191406,22.412241,0.7445587,13.385735,0.71762043,943,gt2r,processed_ATL08_20181129100805_09430114_004_01.h5
1900050,1900054,48.840091705322266,-19.29766082763672,10.199544,0.371434,9.436918,0.3344348,943,gt2r,processed_ATL08_20181129100805_09430114_004_01.h5
1900055,1900059,48.840003967285156,-19.29676055908203,6.9761047,0.45044762,6.697545,0.18444502,943,gt2r,processed_ATL08_20181129100805_09430114_004_01.h5
1900060,1900064,48.83991622924805,-19.29585838317871,5.1085196,0.027720151,5.4723353,0.0472864,943,gt2r,processed_ATL08_20181129100805_09430114_004_01.h5
1900065,1900069,48.83982467651367,-19.294958114624023,5.446134,0.056600187,6.331301,0.124811605,943,gt2r,processed_ATL08_20181129100805_09430114_004_01.h5
1900070,1900074,48.8397331237793,-19.294057846069336,5.000197,0.008218703,6.5066085,0.019236004,943,gt2r,processed_ATL08_20181129100805_09430114_004_01.h5
1900075,1900079,48.83964538574219,-19.29315757751465,4.2285004,0.08306268,7.271851,0.09277851,943,gt2r,processed_ATL08_20181129100805_09430114_004_01.h5
1900080,1900084,48.83955764770508,-19.29225730895996,0.8151963,0.004900954,9.6359625,0.018326141,943,gt2r,processed_ATL08_20181129100805_09430114_004_01.h5
1900085,1900089,48.83946990966797,-19.291357040405273,6.8392463,0.97792554,13.811,0.8397326,943,gt2r,processed_ATL08_20181129100805_09430114_004_01.h5
1900090,1900094,48.83937454223633,-19.290456771850586,17.180696,0.9957829,14.590609,0.55395716,943,gt2r,processed_ATL08_20181129100805_09430114_004_01.h5
1900095,1900099,48.83928680419922,-19.2895565032959,19.557642,0.4845911,11.333906,0.7201796,943,gt2r,processed_ATL08_20181129100805_09430114_004_01.h5
1900100,1900104,48.83919906616211,-19.28865623474121,10.139064,,13.092915,,943,gt2r,processed_ATL08_20181129100805_09430114_004_01.h5
1900105,1900109,48.839111328125,-19.287755966186523,5.444627,0.14746217,10.833022,0.18577798,943,gt2r,processed_ATL08_20181129100805_09430114_004_01.h5
1900110,1900114,48.839019775390625,-19.286855697631836,8.311039,,10.093838,,943,gt2r,processed_ATL08_20181129100805_09430114_004_01.h5
1900115,1900119,48.838932037353516,-19.28595542907715,4.998785,0.04948025,7.940986,0.12646738,943,gt2r,processed_ATL08_20181129100805_09430114_004_01.h5
1900120,1900124,48.838844299316406,-19.28505516052246,4.8080916,0.024537848,,,943,gt2r,processed_ATL08_20181129100805_09430114_004_01.h5
1900125,1900129,48.838748931884766,-19.284154891967773,5.3056717,0.095936015,7.2228675,0.15830642,943,gt2r,processed_ATL08_20181129100805_09430114_004_01.h5
1900130,1900134,48.83866500854492,-19.283252716064453,4.664782,0.013189834,5.070173,0.029129384,943,gt2r,processed_ATL08_20181129100805_09430114_004_01.h5
1900135,1900139,48.83857727050781,-19.282352447509766,5.8323636,0.03714953,9.498762,0.0716296,943,gt2r,processed_ATL08_20181129100805_09430114_004_01.h5
1900140,1900144,48.8384895324707,-19.281452178955078,9.979577,0.7186251,13.606729,0.2695987,943,gt2r,processed_ATL08_20181129100805_09430114_004_01.h5
1900145,1900149,48.838401794433594,-19.28055191040039,6.2423525,0.11124608,12.902896,0.2856747,943,gt2r,processed_ATL08_20181129100805_09430114_004_01.h5
1900150,1900154,48.83831024169922,-19.279651641845703,11.527118,0.61851585,14.744258,0.40461755,943,gt2r,processed_ATL08_20181129100805_09430114_004_01.h5
1900155,1900159,48.838218688964844,-19.278751373291016,7.0597954,0.11321612,11.240579,0.19380116,943,gt2r,processed_ATL08_20181129100805_09430114_004_01.h5
1900160,1900164,48.838130950927734,-19.277851104736328,5.696671,0.010571765,,,943,gt2r,processed_ATL08_20181129100805_09430114_004_01.h5
1900165,1900169,48.83804702758789,-19.27695083618164,6.459636,0.034092516,,,943,gt2r,processed_ATL08_20181129100805_09430114_004_01.h5
1900170,1900174,48.837955474853516,-19.27604866027832,21.704288,0.3593927,10.135439,0.4714704,943,gt2r,processed_ATL08_20181129100805_09430114_004_01.h5
1900175,1900179,48.837867736816406,-19.275148391723633,42.15285,1.3148521,6.373535,0.50079304,943,gt2r,processed_ATL08_20181129100805_09430114_004_01.h5
1900180,1900184,48.83777618408203,-19.274248123168945,46.37932,1.6904917,6.7071533,0.52600706,943,gt2r,processed_ATL08_20181129100805_09430114_004_01.h5
1900185,1900189,48.83769226074219,-19.273347854614258,33.28848,1.0660008,9.973351,1.0573007,943,gt2r,processed_ATL08_20181129100805_09430114_004_01.h5
1900190,1900194,48.83760452270508,-19.27244758605957,27.044195,,14.830433,,943,gt2r,processed_ATL08_20181129100805_09430114_004_01.h5
1900195,1900199,48.83751678466797,-19.271547317504883,26.4845,,17.369246,,943,gt2r,processed_ATL08_20181129100805_09430114_004_01.h5
1900200,1900204,48.83742904663086,-19.270647048950195,20.227303,1.2567431,17.150331,0.6372506,943,gt2r,processed_ATL08_20181129100805_09430114_004_01.h5
1900205,1900209,48.837345123291016,-19.269744873046875,16.35876,0.6198266,16.11039,0.38089004,943,gt2r,processed_ATL08_20181129100805_09430114_004_01.h5
1900210,1900214,48.83725357055664,-19.268844604492188,5.740451,0.07955708,18.2529,0.25169444,943,gt2r,processed_ATL08_20181129100805_09430114_004_01.h5
1900215,1900219,48.837162017822266,-19.2679443359375,8.261559,0.2619057,18.522787,0.58045936,943,gt2r,processed_ATL08_20181129100805_09430114_004_01.h5
1900220,1900224,48.837074279785156,-19.267044067382812,1.2591672,0.005416,7.0610433,0.024512105,943,gt2r,processed_ATL08_20181129100805_09430114_004_01.h5
1900225,1900229,48.83698654174805,-19.266143798828125,6.652493,0.06169703,6.8548775,0.12275637,943,gt2r,processed_ATL08_20181129100805_09430114_004_01.h5
1900230,1900234,48.83689880371094,-19.265243530273438,5.6268744,0.07857837,9.150258,0.17103106,943,gt2r,processed_ATL08_20181129100805_09430114_004_01.h5
1900235,1900239,48.83680725097656,-19.26434326171875,5.647738,0.023949906,,,943,gt2r,processed_ATL08_20181129100805_09430114_004_01.h5
1900240,1900244,48.83672332763672,-19.263442993164062,10.022244,0.30035666,13.112087,0.4324841,943,gt2r,processed_ATL08_20181129100805_09430114_004_01.h5
1900245,1900249,48.83663558959961,-19.262540817260742,17.444778,0.22848989,9.480698,0.36521673,943,gt2r,processed_ATL08_20181129100805_09430114_004_01.h5
1900250,1900254,48.836544036865234,-19.261640548706055,27.528774,1.3584886,13.370905,0.71462274,943,gt2r,processed_ATL08_20181129100805_09430114_004_01.h5
1900255,1900259,48.83645248413086,-19.260740280151367,46.12509,2.186116,17.438251,1.4916648,943,gt2r,processed_ATL08_20181129100805_09430114_004_01.h5
1900260,1900264,48.83636474609375,-19.25984001159668,56.93614,3.270755,10.238155,1.2883362,943,gt2r,processed_ATL08_20181129100805_09430114_004_01.h5
1900265,1900269,48.83627700805664,-19.258939743041992,67.25218,3.8577495,12.677208,2.5409453,943,gt2r,processed_ATL08_20181129100805_09430114_004_01.h5
1900270,1900274,48.83618927001953,-19.258039474487305,81.08997,3.6656344,11.681976,3.6668134,943,gt2r,processed_ATL08_20181129100805_09430114_004_01.h5
1900275,1900279,48.83610153198242,-19.257139205932617,93.314186,4.875474,9.191734,1.3490314,943,gt2r,processed_ATL08_20181129100805_09430114_004_01.h5
1900280,1900284,48.83601379394531,-19.25623893737793,103.641815,11.163244,8.793243,1.8863931,943,gt2r,processed_ATL08_20181129100805_09430114_004_01.h5
1900285,1900289,48.83591842651367,-19.255338668823242,111.87236,6.538777,10.163246,4.420815,943,gt2r,processed_ATL08_20181129100805_09430114_004_01.h5
1900290,1900294,48.8358268737793,-19.254438400268555,111.05177,7.403077,21.214417,4.614136,943,gt2r,processed_ATL08_20181129100805_09430114_004_01.h5
1900295,1900299,48.83574295043945,-19.253538131713867,111.94091,,23.445518,,943,gt2r,processed_ATL08_20181129100805_09430114_004_01.h5
1900305,1900309,48.83555603027344,-19.251737594604492,141.93692,,28.09349,,943,gt2r,processed_ATL08_20181129100805_09430114_004_01.h5
1900310,1900314,48.835472106933594,-19.250837326049805,144.74884,15.526752,13.127762,4.8491936,943,gt2r,processed_ATL08_20181129100805_09430114_004_01.h5
1900315,1900319,48.83538818359375,-19.249935150146484,127.941154,3.1585166,12.827866,4.3796864,943,gt2r,processed_ATL08_20181129100805_09430114_004_01.h5
1900320,1900324,48.83530044555664,-19.249034881591797,145.23605,7.523184,10.372513,3.1329415,943,gt2r,processed_ATL08_20181129100805_09430114_004_01.h5
1900325,1900329,48.835208892822266,-19.24813461303711,153.85635,3.6614437,8.838043,5.2319946,943,gt2r,processed_ATL08_20181129100805_09430114_004_01.h5
1900330,1900334,48.835121154785156,-19.247234344482422,161.23282,17.698568,11.609161,3.229538,943,gt2r,processed_ATL08_20181129100805_09430114_004_01.h5
1900335,1900339,48.83503341674805,-19.246334075927734,154.49847,5.5315576,6.187912,3.82946,943,gt2r,processed_ATL08_20181129100805_09430114_004_01.h5
1900340,1900344,48.83494186401367,-19.245433807373047,149.86943,6.544358,8.251633,3.8567188,943,gt2r,processed_ATL08_20181129100805_09430114_004_01.h5
1900345,1900349,48.83485412597656,-19.24453353881836,157.1445,4.1448936,8.980621,2.9954765,943,gt2r,processed_ATL08_20181129100805_09430114_004_01.h5
1900350,1900354,48.83476257324219,-19.243633270263672,164.05357,11.73833,11.5117035,3.2183774,943,gt2r,processed_ATL08_20181129100805_09430114_004_01.h5
1900355,1900359,48.83467102050781,-19.242733001708984,168.02182,7.585277,11.431274,7.3907065,943,gt2r,processed_ATL08_20181129100805_09430114_004_01.h5
1900360,1900364,48.8345832824707,-19.241832733154297,177.4144,19.637495,14.031128,12.335321,943,gt2r,processed_ATL08_20181129100805_09430114_004_01.h5
1900365,1900369,48.83449172973633,-19.24093246459961,182.71306,14.037607,16.112976,8.07588,943,gt2r,processed_ATL08_20181129100805_09430114_004_01.h5
1900370,1900374,48.83439636230469,-19.240032196044922,172.75853,,10.840744,,943,gt2r,processed_ATL08_20181129100805_09430114_004_01.h5
1900375,1900379,48.834312438964844,-19.239131927490234,135.613,2.8241282,9.392273,2.7865705,943,gt2r,processed_ATL08_20181129100805_09430114_004_01.h5
1900380,1900384,48.834232330322266,-19.238229751586914,106.58238,0.31175694,6.259056,0.40121436,943,gt2r,processed_ATL08_20181129100805_09430114_004_01.h5
1900385,1900389,48.83414077758789,-19.237329483032227,115.2795,3.9379346,14.624268,2.3198035,943,gt2r,processed_ATL08_20181129100805_09430114_004_01.h5
1900390,1900394,48.83404541015625,-19.23642921447754,146.63506,6.3415394,12.79628,2.4650564,943,gt2r,processed_ATL08_20181129100805_09430114_004_01.h5
1900395,1900399,48.833961486816406,-19.23552894592285,124.47344,0.5236542,14.044907,0.7109306,943,gt2r,processed_ATL08_20181129100805_09430114_004_01.h5
1900400,1900404,48.83386993408203,-19.234628677368164,129.08754,11.567302,16.607422,4.2492166,943,gt2r,processed_ATL08_20181129100805_09430114_004_01.h5
1900405,1900409,48.833778381347656,-19.233728408813477,123.91796,3.335206,12.543289,3.688375,943,gt2r,processed_ATL08_20181129100805_09430114_004_01.h5
1900410,1900414,48.83369064331055,-19.23282814025879,115.02162,0.19860403,9.669708,0.27988705,943,gt2r,processed_ATL08_20181129100805_09430114_004_01.h5
1900415,1900419,48.833595275878906,-19.2319278717041,121.493126,,13.749878,,943,gt2r,processed_ATL08_20181129100805_09430114_004_01.h5
1900420,1900424,48.8335075378418,-19.231027603149414,117.11431,7.387127,14.207207,1.1995552,943,gt2r,processed_ATL08_20181129100805_09430114_004_01.h5
1900425,1900429,48.83341598510742,-19.230127334594727,119.43654,5.9716396,9.600967,3.9607651,943,gt2r,processed_ATL08_20181129100805_09430114_004_01.h5
1900430,1900434,48.83332824707031,-19.22922706604004,116.43084,0.11218309,,,943,gt2r,processed_ATL08_20181129100805_09430114_004_01.h5
1900435,1900439,48.8332405090332,-19.22832679748535,118.96729,0.16351868,,,943,gt2r,processed_ATL08_20181129100805_09430114_004_01.h5
1900440,1900444,48.83314895629883,-19.227426528930664,115.42317,0.29893,7.5281982,0.3872058,943,gt2r,processed_ATL08_20181129100805_09430114_004_01.h5
1900445,1900449,48.83304977416992,-19.226526260375977,118.712036,,10.674461,,943,gt2r,processed_ATL08_20181129100805_09430114_004_01.h5
1900450,1900454,48.83296203613281,-19.22562599182129,132.39772,5.893828,13.705811,1.6724389,943,gt2r,processed_ATL08_20181129100805_09430114_004_01.h5
1900455,1900459,48.83287048339844,-19.2247257232666,163.74078,7.7205095,29.95578,6.147081,943,gt2r,processed_ATL08_20181129100805_09430114_004_01.h5
1900460,1900464,48.83277130126953,-19.223825454711914,197.33624,15.156677,20.552841,6.501359,943,gt2r,processed_ATL08_20181129100805_09430114_004_01.h5
1900465,1900469,48.832679748535156,-19.222925186157227,197.39847,,22.932632,,943,gt2r,processed_ATL08_20181129100805_09430114_004_01.h5
1900471,1900474,48.83258819580078,-19.22202491760254,172.35838,2.5972574,9.467361,3.9367843,943,gt2r,processed_ATL08_20181129100805_09430114_004_01.h5
1900475,1900479,48.832496643066406,-19.22112464904785,166.18307,0.5615425,14.8965,0.7727123,943,gt2r,processed_ATL08_20181129100805_09430114_004_01.h5
1900480,1900484,48.8324089050293,-19.220224380493164,174.6017,12.546441,14.217438,8.833427,943,gt2r,processed_ATL08_20181129100805_09430114_004_01.h5
1900485,1900489,48.832313537597656,-19.219324111938477,181.73367,,18.299362,,943,gt2r,processed_ATL08_20181129100805_09430114_004_01.h5
1900490,1900494,48.83222198486328,-19.21842384338379,180.79512,1.0297226,13.113907,1.2290555,943,gt2r,processed_ATL08_20181129100805_09430114_004_01.h5
1900495,1900499,48.832130432128906,-19.217525482177734,187.0908,1.258428,10.498688,1.7038784,943,gt2r,processed_ATL08_20181129100805_09430114_004_01.h5
1900500,1900504,48.832035064697266,-19.216625213623047,202.80064,0.99645,15.817139,1.3412335,943,gt2r,processed_ATL08_20181129100805_09430114_004_01.h5
1900505,1900509,48.83194351196289,-19.21572494506836,246.19017,,14.119949,,943,gt2r,processed_ATL08_20181129100805_09430114_004_01.h5
1900510,1900514,48.83184814453125,-19.214824676513672,260.11316,,12.85321,,943,gt2r,processed_ATL08_20181129100805_09430114_004_01.h5
1900515,1900519,48.83175277709961,-19.213924407958984,249.29944,8.454302,12.191528,4.9414945,943,gt2r,processed_ATL08_20181129100805_09430114_004_01.h5
1900520,1900524,48.83165740966797,-19.213024139404297,237.41357,0.37358195,12.555405,0.52702826,943,gt2r,processed_ATL08_20181129100805_09430114_004_01.h5
1900525,1900529,48.83156204223633,-19.212125778198242,252.05261,,21.108292,,943,gt2r,processed_ATL08_20181129100805_09430114_004_01.h5
1900530,1900534,48.83147048950195,-19.211225509643555,249.51851,,19.519623,,943,gt2r,processed_ATL08_20181129100805_09430114_004_01.h5
1900535,1900539,48.83137893676758,-19.210325241088867,240.693,0.5128987,14.581985,0.72770625,943,gt2r,processed_ATL08_20181129100805_09430114_004_01.h5
1900540,1900544,48.83128356933594,-19.20942497253418,261.4645,10.1348915,13.20282,7.1382365,943,gt2r,processed_ATL08_20181129100805_09430114_004_01.h5
1900545,1900549,48.83118438720703,-19.208524703979492,279.46664,6.21667,14.3013,6.8255153,943,gt2r,processed_ATL08_20181129100805_09430114_004_01.h5
1900550,1900554,48.83108901977539,-19.207624435424805,295.78897,11.515847,8.741211,5.4531994,943,gt2r,processed_ATL08_20181129100805_09430114_004_01.h5
1900555,1900559,48.830997467041016,-19.206724166870117,303.482,8.671362,7.4806213,7.4595184,943,gt2r,processed_ATL08_20181129100805_09430114_004_01.h5
1900560,1900564,48.830902099609375,-19.205825805664062,311.06787,,8.125366,,943,gt2r,processed_ATL08_20181129100805_09430114_004_01.h5
1900565,1900569,48.830806732177734,-19.204925537109375,295.72623,5.9680133,18.483429,7.4423018,943,gt2r,processed_ATL08_20181129100805_09430114_004_01.h5
1900570,1900574,48.830711364746094,-19.204025268554688,317.64542,28.016613,25.379608,13.10982,943,gt2r,processed_ATL08_20181129100805_09430114_004_01.h5
1900575,1900579,48.83061599731445,-19.203126907348633,339.4056,,23.448181,,943,gt2r,processed_ATL08_20181129100805_09430114_004_01.h5
1900580,1900584,48.83051681518555,-19.202226638793945,333.67197,,10.431671,,943,gt2r,processed_ATL08_20181129100805_09430114_004_01.h5
1900585,1900589,48.83042526245117,-19.201326370239258,326.33008,9.317448,8.393524,9.114731,943,gt2r,processed_ATL08_20181129100805_09430114_004_01.h5
1900590,1900594,48.83032989501953,-19.20042610168457,314.01358,13.6441555,10.742828,5.9699574,943,gt2r,processed_ATL08_20181129100805_09430114_004_01.h5
1900595,1900599,48.830230712890625,-19.199525833129883,313.0884,15.679617,8.529266,4.3469524,943,gt2r,processed_ATL08_20181129100805_09430114_004_01.h5
1900600,1900604,48.830135345458984,-19.198627471923828,315.12915,11.296771,12.818176,5.7012143,943,gt2r,processed_ATL08_20181129100805_09430114_004_01.h5
1900605,1900609,48.83003616333008,-19.19772720336914,330.05804,14.290259,11.420532,9.836032,943,gt2r,processed_ATL08_20181129100805_09430114_004_01.h5
1900610,1900614,48.82994079589844,-19.196826934814453,350.54056,9.286357,11.455536,7.0869336,943,gt2r,processed_ATL08_20181129100805_09430114_004_01.h5
1900615,1900619,48.8298454284668,-19.1959285736084,383.20447,,17.099121,,943,gt2r,processed_ATL08_20181129100805_09430114_004_01.h5
1900620,1900624,48.829742431640625,-19.19502830505371,400.3811,9.818253,13.256683,11.811699,943,gt2r,processed_ATL08_20181129100805_09430114_004_01.h5
1900625,1900629,48.82964324951172,-19.194129943847656,360.4728,20.846827,17.997253,15.671239,943,gt2r,processed_ATL08_20181129100805_09430114_004_01.h5
1900630,1900634,48.829551696777344,-19.19322967529297,332.14545,16.050665,12.45108,8.245789,943,gt2r,processed_ATL08_20181129100805_09430114_004_01.h5
1900635,1900639,48.8294563293457,-19.19232940673828,310.94867,10.848743,12.426636,9.144998,943,gt2r,processed_ATL08_20181129100805_09430114_004_01.h5
1900640,1900644,48.82936096191406,-19.191429138183594,299.60944,6.801538,10.60672,7.5067606,943,gt2r,processed_ATL08_20181129100805_09430114_004_01.h5
1900645,1900649,48.829261779785156,-19.190528869628906,280.1605,13.15041,12.888824,7.5046186,943,gt2r,processed_ATL08_20181129100805_09430114_004_01.h5
1900650,1900654,48.829166412353516,-19.18963050842285,264.87955,29.386454,16.260681,8.719028,943,gt2r,processed_ATL08_20181129100805_09430114_004_01.h5
1900655,1900659,48.82906723022461,-19.188730239868164,263.71674,14.605942,12.490234,3.9576573,943,gt2r,processed_ATL08_20181129100805_09430114_004_01.h5
1900660,1900664,48.82896423339844,-19.18783187866211,273.92316,4.973619,4.837219,4.3766327,943,gt2r,processed_ATL08_20181129100805_09430114_004_01.h5
1900665,1900669,48.82886505126953,-19.186931610107422,287.08273,,10.6371765,,943,gt2r,processed_ATL08_20181129100805_09430114_004_01.h5
1900670,1900674,48.82876968383789,-19.186031341552734,289.59357,7.3122888,16.223541,5.607759,943,gt2r,processed_ATL08_20181129100805_09430114_004_01.h5
1900675,1900679,48.828670501708984,-19.18513298034668,307.0296,,17.57315,,943,gt2r,processed_ATL08_20181129100805_09430114_004_01.h5
1900680,1900684,48.82857131958008,-19.184232711791992,309.574,7.3820577,12.34436,6.9510794,943,gt2r,processed_ATL08_20181129100805_09430114_004_01.h5
1900685,1900689,48.82847213745117,-19.183332443237305,312.59625,28.100405,9.864532,5.3628483,943,gt2r,processed_ATL08_20181129100805_09430114_004_01.h5
1900690,1900694,48.828372955322266,-19.18243408203125,316.28177,3.3581805,12.15387,3.7222202,943,gt2r,processed_ATL08_20181129100805_09430114_004_01.h5
1900695,1900699,48.828269958496094,-19.181533813476562,327.01453,,18.809021,,943,gt2r,processed_ATL08_20181129100805_09430114_004_01.h5
1900700,1900704,48.82817459106445,-19.180635452270508,327.97354,10.911625,14.943329,8.285022,943,gt2r,processed_ATL08_20181129100805_09430114_004_01.h5
1900705,1900709,48.82807540893555,-19.17973518371582,323.84064,15.29084,15.360382,5.281145,943,gt2r,processed_ATL08_20181129100805_09430114_004_01.h5
1900710,1900714,48.82797622680664,-19.178836822509766,325.23065,,20.044525,,943,gt2r,processed_ATL08_20181129100805_09430114_004_01.h5
1900715,1900719,48.827877044677734,-19.177936553955078,329.5296,,20.436798,,943,gt2r,processed_ATL08_20181129100805_09430114_004_01.h5
1900720,1900724,48.82777786254883,-19.177038192749023,320.25314,,20.57956,,943,gt2r,processed_ATL08_20181129100805_09430114_004_01.h5
1900725,1900729,48.82767868041992,-19.176137924194336,338.60318,7.4327326,18.354889,9.187476,943,gt2r,processed_ATL08_20181129100805_09430114_004_01.h5
1900730,1900734,48.82757568359375,-19.17523765563965,364.23965,,11.496643,,943,gt2r,processed_ATL08_20181129100805_09430114_004_01.h5
1900735,1900739,48.827476501464844,-19.174339294433594,346.7755,8.818415,12.310028,7.083596,943,gt2r,processed_ATL08_20181129100805_09430114_004_01.h5
1900740,1900744,48.82738494873047,-19.173439025878906,321.4024,7.213674,9.054291,4.9037676,943,gt2r,processed_ATL08_20181129100805_09430114_004_01.h5
1900745,1900749,48.82728576660156,-19.17253875732422,312.3098,23.96388,11.785919,6.565884,943,gt2r,processed_ATL08_20181129100805_09430114_004_01.h5
1900750,1900754,48.82718276977539,-19.171640396118164,304.8763,25.664421,16.71048,11.369049,943,gt2r,processed_ATL08_20181129100805_09430114_004_01.h5
1900755,1900759,48.827083587646484,-19.170740127563477,298.29956,,15.214752,,943,gt2r,processed_ATL08_20181129100805_09430114_004_01.h5
1900760,1900764,48.82698059082031,-19.169841766357422,302.55258,14.148176,11.911896,4.652774,943,gt2r,processed_ATL08_20181129100805_09430114_004_01.h5
1900765,1900769,48.82687759399414,-19.168941497802734,308.09668,6.9938526,4.789032,6.3438864,943,gt2r,processed_ATL08_20181129100805_09430114_004_01.h5
1900770,1900774,48.8267822265625,-19.16804313659668,299.59427,13.638245,12.140686,12.985288,943,gt2r,processed_ATL08_20181129100805_09430114_004_01.h5
1900775,1900779,48.826683044433594,-19.167142868041992,292.3386,3.2595167,12.0112,4.1234937,943,gt2r,processed_ATL08_20181129100805_09430114_004_01.h5
1900780,1900784,48.82658004760742,-19.166242599487305,301.4242,,15.758209,,943,gt2r,processed_ATL08_20181129100805_09430114_004_01.h5
1900785,1900789,48.826480865478516,-19.16534423828125,292.22534,5.1660204,13.531891,6.2139187,943,gt2r,processed_ATL08_20181129100805_09430114_004_01.h5
1900790,1900794,48.82638168334961,-19.164443969726562,311.554,,12.96521,,943,gt2r,processed_ATL08_20181129100805_09430114_004_01.h5
1900795,1900799,48.82627868652344,-19.163545608520508,312.69815,18.43565,9.230011,4.292995,943,gt2r,processed_ATL08_20181129100805_09430114_004_01.h5
1900800,1900804,48.82617950439453,-19.162647247314453,290.61368,5.0122175,10.199432,4.3274126,943,gt2r,processed_ATL08_20181129100805_09430114_004_01.h5
1900805,1900809,48.82607650756836,-19.161746978759766,305.89874,25.79409,11.233978,5.3826838,943,gt2r,processed_ATL08_20181129100805_09430114_004_01.h5
1900810,1900814,48.82597732543945,-19.160846710205078,318.21237,8.195498,16.262146,6.1709213,943,gt2r,processed_ATL08_20181129100805_09430114_004_01.h5
1900815,1900819,48.82587814331055,-19.159948348999023,326.9334,12.052594,19.356567,10.758024,943,gt2r,processed_ATL08_20181129100805_09430114_004_01.h5
1900820,1900824,48.825775146484375,-19.159048080444336,331.4513,,22.489075,,943,gt2r,processed_ATL08_20181129100805_09430114_004_01.h5
1900825,1900829,48.82567596435547,-19.15814971923828,317.5564,,14.306519,,943,gt2r,processed_ATL08_20181129100805_09430114_004_01.h5
1900830,1900834,48.8255729675293,-19.157249450683594,310.68466,,17.534088,,943,gt2r,processed_ATL08_20181129100805_09430114_004_01.h5
1900835,1900839,48.82547378540039,-19.15635108947754,321.8088,,16.736237,,943,gt2r,processed_ATL08_20181129100805_09430114_004_01.h5
1900840,1900844,48.82537078857422,-19.15545082092285,320.78098,,26.919128,,943,gt2r,processed_ATL08_20181129100805_09430114_004_01.h5
1900845,1900849,48.82527160644531,-19.154552459716797,338.13928,,27.360687,,943,gt2r,processed_ATL08_20181129100805_09430114_004_01.h5
1900850,1900854,48.825172424316406,-19.15365219116211,349.14923,,17.831543,,943,gt2r,processed_ATL08_20181129100805_09430114_004_01.h5
1900855,1900859,48.8250732421875,-19.152753829956055,353.10214,26.756945,12.108124,4.5040708,943,gt2r,processed_ATL08_20181129100805_09430114_004_01.h5
1900860,1900864,48.82497024536133,-19.151853561401367,338.32373,12.539611,19.97342,9.044252,943,gt2r,processed_ATL08_20181129100805_09430114_004_01.h5
1900865,1900869,48.824867248535156,-19.150955200195312,327.24377,,22.640686,,943,gt2r,processed_ATL08_20181129100805_09430114_004_01.h5
1900870,1900874,48.824764251708984,-19.150054931640625,305.51923,2.5932128,21.434906,3.4756014,943,gt2r,processed_ATL08_20181129100805_09430114_004_01.h5
1900875,1900879,48.82466506958008,-19.14915657043457,301.86084,0.5563901,,,943,gt2r,processed_ATL08_20181129100805_09430114_004_01.h5
1900885,1900889,48.82447052001953,-19.147356033325195,303.57593,13.147048,17.309021,8.6912155,943,gt2r,processed_ATL08_20181129100805_09430114_004_01.h5
1900890,1900894,48.824371337890625,-19.14645767211914,313.45264,,9.435577,,943,gt2r,processed_ATL08_20181129100805_09430114_004_01.h5
1900895,1900899,48.82426834106445,-19.145557403564453,307.07724,4.1501107,10.330078,3.2867384,943,gt2r,processed_ATL08_20181129100805_09430114_004_01.h5
1900900,1900904,48.82416915893555,-19.1446590423584,312.0278,22.294514,15.436523,7.0911613,943,gt2r,processed_ATL08_20181129100805_09430114_004_01.h5
1900905,1900909,48.824066162109375,-19.14375877380371,326.72504,6.938191,10.210724,4.4447412,943,gt2r,processed_ATL08_20181129100805_09430114_004_01.h5
1900910,1900914,48.82396697998047,-19.142858505249023,314.91245,,11.755127,,943,gt2r,processed_ATL08_20181129100805_09430114_004_01.h5
1900915,1900919,48.82386779785156,-19.14196014404297,313.98526,12.520229,13.219452,7.7686877,943,gt2r,processed_ATL08_20181129100805_09430114_004_01.h5
1900920,1900924,48.823768615722656,-19.141061782836914,328.41513,,8.163757,,943,gt2r,processed_ATL08_20181129100805_09430114_004_01.h5
1900925,1900929,48.823665618896484,-19.140161514282227,327.09378,11.691928,6.0050964,6.4645624,943,gt2r,processed_ATL08_20181129100805_09430114_004_01.h5
1900930,1900934,48.82356643676758,-19.139263153076172,330.2608,33.07835,17.615234,6.7364783,943,gt2r,processed_ATL08_20181129100805_09430114_004_01.h5
1900935,1900939,48.82346725463867,-19.138362884521484,332.95065,11.8476715,18.645844,13.013114,943,gt2r,processed_ATL08_20181129100805_09430114_004_01.h5
1900940,1900944,48.823368072509766,-19.137462615966797,323.52118,12.963075,15.985809,11.961436,943,gt2r,processed_ATL08_20181129100805_09430114_004_01.h5
1900945,1900949,48.82326889038086,-19.136564254760742,290.6885,,22.662842,,943,gt2r,processed_ATL08_20181129100805_09430114_004_01.h5
1900950,1900954,48.82316970825195,-19.135663986206055,283.7534,8.90322,21.043518,7.2544417,943,gt2r,processed_ATL08_20181129100805_09430114_004_01.h5
1900955,1900959,48.82306671142578,-19.134765625,298.85727,9.237969,18.453552,7.0636377,943,gt2r,processed_ATL08_20181129100805_09430114_004_01.h5
1900960,1900964,48.82297134399414,-19.133865356445312,285.80066,,27.368347,,943,gt2r,processed_ATL08_20181129100805_09430114_004_01.h5
1900965,1900969,48.8228759765625,-19.132965087890625,265.7892,8.041153,19.417267,4.6693077,943,gt2r,processed_ATL08_20181129100805_09430114_004_01.h5
1900970,1900974,48.822776794433594,-19.13206672668457,264.6622,0.22338986,,,943,gt2r,processed_ATL08_20181129100805_09430114_004_01.h5
1900975,1900979,48.82267379760742,-19.131168365478516,263.61542,0.39709818,,,943,gt2r,processed_ATL08_20181129100805_09430114_004_01.h5
1900980,1900984,48.82257080078125,-19.130268096923828,273.17188,,22.519867,,943,gt2r,processed_ATL08_20181129100805_09430114_004_01.h5
1900985,1900989,48.82247543334961,-19.12936782836914,265.81015,,17.758698,,943,gt2r,processed_ATL08_20181129100805_09430114_004_01.h5
1900990,1900994,48.8223762512207,-19.128467559814453,246.09401,,26.115967,,943,gt2r,processed_ATL08_20181129100805_09430114_004_01.h5
1900995,1900999,48.82228088378906,-19.1275691986084,258.75827,,33.0177,,943,gt2r,processed_ATL08_20181129100805_09430114_004_01.h5
1901000,1901004,48.82218551635742,-19.12666893005371,262.66357,5.1439257,32.08661,5.7551775,943,gt2r,processed_ATL08_20181129100805_09430114_004_01.h5
1901005,1901009,48.822086334228516,-19.125768661499023,256.3131,,33.125305,,943,gt2r,processed_ATL08_20181129100805_09430114_004_01.h5
1901010,1901014,48.82198715209961,-19.12487030029297,252.79045,,29.273575,,943,gt2r,processed_ATL08_20181129100805_09430114_004_01.h5
1901015,1901019,48.8218879699707,-19.12397003173828,258.45102,0.31510073,25.788086,0.4645333,943,gt2r,processed_ATL08_20181129100805_09430114_004_01.h5
1901020,1901024,48.8217887878418,-19.123069763183594,256.68762,0.47595775,24.384369,0.7016479,943,gt2r,processed_ATL08_20181129100805_09430114_004_01.h5
1901025,1901029,48.82168960571289,-19.12217140197754,256.3724,4.421456,24.17688,5.9373684,943,gt2r,processed_ATL08_20181129100805_09430114_004_01.h5
1901030,1901034,48.82159423828125,-19.12127113342285,255.92834,1.2348597,25.084198,1.7714642,943,gt2r,processed_ATL08_20181129100805_09430114_004_01.h5
1901035,1901039,48.821495056152344,-19.120370864868164,255.23062,1.4021189,22.849152,2.007943,943,gt2r,processed_ATL08_20181129100805_09430114_004_01.h5
1901040,1901044,48.8213996887207,-19.11947250366211,252.73509,0.9572903,31.14627,1.3477486,943,gt2r,processed_ATL08_20181129100805_09430114_004_01.h5
1901045,1901049,48.82130432128906,-19.118572235107422,262.6197,19.869179,34.377808,9.723631,943,gt2r,processed_ATL08_20181129100805_09430114_004_01.h5
1901050,1901054,48.821205139160156,-19.117671966552734,262.30807,18.483294,25.251007,4.500152,943,gt2r,processed_ATL08_20181129100805_09430114_004_01.h5
1901055,1901059,48.821109771728516,-19.11677360534668,264.44418,18.615099,22.50119,8.979249,943,gt2r,processed_ATL08_20181129100805_09430114_004_01.h5
1901060,1901064,48.82101058959961,-19.115873336791992,282.55008,,24.885529,,943,gt2r,processed_ATL08_20181129100805_09430114_004_01.h5
1901065,1901069,48.820919036865234,-19.114974975585938,268.9133,,35.615845,,943,gt2r,processed_ATL08_20181129100805_09430114_004_01.h5
1901070,1901074,48.820823669433594,-19.114072799682617,271.67328,,33.914032,,943,gt2r,processed_ATL08_20181129100805_09430114_004_01.h5
1901075,1901079,48.82072830200195,-19.11317253112793,258.5741,3.1318753,31.99469,4.071983,943,gt2r,processed_ATL08_20181129100805_09430114_004_01.h5
1901080,1901083,48.82062911987305,-19.112274169921875,253.80144,1.6924704,20.805084,2.4539318,943,gt2r,processed_ATL08_20181129100805_09430114_004_01.h5
1901097,1901099,48.82030487060547,-19.109214782714844,254.4087,,50.484467,,943,gt2r,processed_ATL08_20181129100805_09430114_004_01.h5
1901100,1901101,48.82026290893555,-19.10882568359375,253.60811,,49.39711,,943,gt2r,processed_ATL08_20181129100805_09430114_004_01.h5
1901105,1901109,48.820152282714844,-19.10777473449707,252.50409,1.1085558,,,943,gt2r,processed_ATL08_20181129100805_09430114_004_01.h5
1901171,1901174,48.818912506103516,-19.09589385986328,251.74112,,23.284607,,943,gt2r,processed_ATL08_20181129100805_09430114_004_01.h5
1901175,1901179,48.81884002685547,-19.09517478942871,263.4109,23.28499,27.579895,8.784697,943,gt2r,processed_ATL08_20181129100805_09430114_004_01.h5
1901180,1901184,48.818748474121094,-19.094274520874023,258.26346,2.8358305,22.916138,3.423946,943,gt2r,processed_ATL08_20181129100805_09430114_004_01.h5
1901185,1901189,48.818660736083984,-19.093374252319336,245.32953,0.17888342,,,943,gt2r,processed_ATL08_20181129100805_09430114_004_01.h5
1901190,1901194,48.81856918334961,-19.09247398376465,244.82065,1.8002434,12.228348,2.281445,943,gt2r,processed_ATL08_20181129100805_09430114_004_01.h5
1901206,1901209,48.81828689575195,-19.089773178100586,244.37265,,23.335648,,943,gt2r,processed_ATL08_20181129100805_09430114_004_01.h5
1901210,1901214,48.818199157714844,-19.0888729095459,240.87311,8.074578,14.191498,4.687724,943,gt2r,processed_ATL08_20181129100805_09430114_004_01.h5
1901215,1901219,48.81810760498047,-19.08797264099121,264.7931,,16.526443,,943,gt2r,processed_ATL08_20181129100805_09430114_004_01.h5
1901220,1901224,48.81801223754883,-19.087072372436523,291.38266,,30.511047,,943,gt2r,processed_ATL08_20181129100805_09430114_004_01.h5
1901225,1901229,48.81791687011719,-19.086172103881836,290.82077,57.991596,23.163757,71.39887,943,gt2r,processed_ATL08_20181129100805_09430114_004_01.h5
1901230,1901234,48.81782531738281,-19.08527183532715,283.75214,,35.993774,,943,gt2r,processed_ATL08_20181129100805_09430114_004_01.h5
1901235,1901239,48.8177375793457,-19.08437156677246,264.6238,,40.2818,,943,gt2r,processed_ATL08_20181129100805_09430114_004_01.h5
1901240,1901244,48.81764602661133,-19.083471298217773,261.50925,18.66284,18.486877,9.80081,943,gt2r,processed_ATL08_20181129100805_09430114_004_01.h5
1901245,1901249,48.81755828857422,-19.082571029663086,272.7014,16.646793,26.82962,7.111508,943,gt2r,processed_ATL08_20181129100805_09430114_004_01.h5
1901250,1901254,48.817466735839844,-19.0816707611084,279.78226,,26.806305,,943,gt2r,processed_ATL08_20181129100805_09430114_004_01.h5
1901255,1901259,48.81737518310547,-19.08077049255371,262.655,,24.221313,,943,gt2r,processed_ATL08_20181129100805_09430114_004_01.h5
1901260,1901264,48.81728744506836,-19.079870223999023,264.1498,10.53173,13.61911,13.654137,943,gt2r,processed_ATL08_20181129100805_09430114_004_01.h5
1901280,1901284,48.81692123413086,-19.076269149780273,340.277,,13.199799,,943,gt2r,processed_ATL08_20181129100805_09430114_004_01.h5
1901285,1901289,48.816829681396484,-19.075368881225586,358.1286,23.49767,23.659393,10.372058,943,gt2r,processed_ATL08_20181129100805_09430114_004_01.h5
1901290,1901294,48.816741943359375,-19.0744686126709,355.58432,17.620335,21.934937,10.489941,943,gt2r,processed_ATL08_20181129100805_09430114_004_01.h5
1901295,1901299,48.816654205322266,-19.07356834411621,367.90646,32.530243,21.091064,12.841168,943,gt2r,processed_ATL08_20181129100805_09430114_004_01.h5
1901300,1901304,48.816558837890625,-19.072668075561523,388.3627,,18.441162,,943,gt2r,processed_ATL08_20181129100805_09430114_004_01.h5
1901305,1901309,48.81646728515625,-19.071767807006836,382.05014,,20.353027,,943,gt2r,processed_ATL08_20181129100805_09430114_004_01.h5
1901310,1901314,48.816383361816406,-19.070865631103516,367.08337,7.843937,7.1395264,6.0907545,943,gt2r,processed_ATL08_20181129100805_09430114_004_01.h5
1901315,1901319,48.81629180908203,-19.069965362548828,375.9125,,16.992249,,943,gt2r,processed_ATL08_20181129100805_09430114_004_01.h5
1901320,1901324,48.81620407104492,-19.06906509399414,347.62506,9.733494,15.705383,12.273497,943,gt2r,processed_ATL08_20181129100805_09430114_004_01.h5
1901325,1901329,48.81611633300781,-19.068164825439453,344.20673,,15.508881,,943,gt2r,processed_ATL08_20181129100805_09430114_004_01.h5
1901330,1901334,48.81602478027344,-19.067264556884766,348.02475,9.467615,12.383881,11.420472,943,gt2r,processed_ATL08_20181129100805_09430114_004_01.h5
1901335,1901339,48.81593704223633,-19.066364288330078,371.5489,33.867153,15.018372,10.902881,943,gt2r,processed_ATL08_20181129100805_09430114_004_01.h5
1901340,1901344,48.815853118896484,-19.06546401977539,388.05087,38.55424,19.814575,10.18899,943,gt2r,processed_ATL08_20181129100805_09430114_004_01.h5
1901345,1901349,48.815765380859375,-19.064563751220703,384.74054,,20.29007,,943,gt2r,processed_ATL08_20181129100805_09430114_004_01.h5
1901350,1901354,48.815673828125,-19.063663482666016,369.59137,36.771946,18.312714,8.575057,943,gt2r,processed_ATL08_20181129100805_09430114_004_01.h5
1901355,1901359,48.81558609008789,-19.062761306762695,384.45047,,14.803741,,943,gt2r,processed_ATL08_20181129100805_09430114_004_01.h5
1901360,1901364,48.81550598144531,-19.061861038208008,350.4991,,13.350342,,943,gt2r,processed_ATL08_20181129100805_09430114_004_01.h5
1901365,1901369,48.81541061401367,-19.06096076965332,319.60922,5.1505237,9.950104,4.4737325,943,gt2r,processed_ATL08_20181129100805_09430114_004_01.h5
1901370,1901374,48.8153190612793,-19.060060501098633,316.65488,,10.069122,,943,gt2r,processed_ATL08_20181129100805_09430114_004_01.h5
1901375,1901379,48.81523895263672,-19.059160232543945,310.8442,12.985108,10.764954,10.387439,943,gt2r,processed_ATL08_20181129100805_09430114_004_01.h5
1901380,1901384,48.81515121459961,-19.058258056640625,303.75348,,11.588165,,943,gt2r,processed_ATL08_20181129100805_09430114_004_01.h5
1901385,1901389,48.815059661865234,-19.05735969543457,304.7456,14.420141,23.020874,9.464799,943,gt2r,processed_ATL08_20181129100805_09430114_004_01.h5
1901390,1901394,48.814971923828125,-19.05645751953125,306.57114,,21.477661,,943,gt2r,processed_ATL08_20181129100805_09430114_004_01.h5
1901395,1901399,48.81488800048828,-19.055557250976562,300.46414,23.098534,13.726685,9.850912,943,gt2r,processed_ATL08_20181129100805_09430114_004_01.h5
1901400,1901404,48.81480026245117,-19.054656982421875,294.85474,,15.65741,,943,gt2r,processed_ATL08_20181129100805_09430114_004_01.h5
1901405,1901409,48.81471633911133,-19.053754806518555,245.76665,16.7711,16.178604,5.0761266,943,gt2r,processed_ATL08_20181129100805_09430114_004_01.h5
1901410,1901414,48.81462860107422,-19.052854537963867,220.7918,14.86766,11.942062,3.635618,943,gt2r,processed_ATL08_20181129100805_09430114_004_01.h5
1901415,1901419,48.81454086303711,-19.05195426940918,231.02338,17.333858,9.576828,6.309384,943,gt2r,processed_ATL08_20181129100805_09430114_004_01.h5
1901420,1901424,48.814453125,-19.051054000854492,274.75797,,14.370331,,943,gt2r,processed_ATL08_20181129100805_09430114_004_01.h5
1901425,1901429,48.81436538696289,-19.050153732299805,283.52435,,10.611084,,943,gt2r,processed_ATL08_20181129100805_09430114_004_01.h5
1901430,1901434,48.81427764892578,-19.049253463745117,253.4495,,12.917282,,943,gt2r,processed_ATL08_20181129100805_09430114_004_01.h5
1901435,1901439,48.81418991088867,-19.048351287841797,214.21915,21.217611,13.0611725,4.2332563,943,gt2r,processed_ATL08_20181129100805_09430114_004_01.h5
1901440,1901444,48.81410598754883,-19.04745101928711,196.31589,,20.492111,,943,gt2r,processed_ATL08_20181129100805_09430114_004_01.h5
1901445,1901449,48.81401824951172,-19.046550750732422,190.31854,18.495693,24.377441,4.4507875,943,gt2r,processed_ATL08_20181129100805_09430114_004_01.h5
1901450,1901454,48.813934326171875,-19.0456485748291,176.52753,,14.681183,,943,gt2r,processed_ATL08_20181129100805_09430114_004_01.h5
1901455,1901459,48.813846588134766,-19.044748306274414,180.90411,10.020138,19.073746,7.028529,943,gt2r,processed_ATL08_20181129100805_09430114_004_01.h5
1901461,1901465,48.81373977661133,-19.043668746948242,204.38329,,30.417496,,943,gt2r,processed_ATL08_20181129100805_09430114_004_01.h5
1901466,1901468,48.813655853271484,-19.042766571044922,189.61746,,30.274673,,943,gt2r,processed_ATL08_20181129100805_09430114_004_01.h5
1901472,1901475,48.81356430053711,-19.041866302490234,177.95073,,31.498947,,943,gt2r,processed_ATL08_20181129100805_09430114_004_01.h5
1901476,1901480,48.8134765625,-19.04096794128418,164.27074,,27.687668,,943,gt2r,processed_ATL08_20181129100805_09430114_004_01.h5
1901481,1901485,48.813392639160156,-19.04006576538086,158.59239,0.2926347,12.24881,0.37124124,943,gt2r,processed_ATL08_20181129100805_09430114_004_01.h5
1901486,1901490,48.81330490112305,-19.03916358947754,161.31589,1.0341195,20.0233,1.4601934,943,gt2r,processed_ATL08_20181129100805_09430114_004_01.h5
1901511,1901515,48.81285858154297,-19.0346622467041,253.24039,,43.219406,,943,gt2r,processed_ATL08_20181129100805_09430114_004_01.h5
1901517,1901520,48.812774658203125,-19.033761978149414,255.99687,12.805514,30.850616,13.584121,943,gt2r,processed_ATL08_20181129100805_09430114_004_01.h5
1901521,1901525,48.812686920166016,-19.032861709594727,230.198,,31.52565,,943,gt2r,processed_ATL08_20181129100805_09430114_004_01.h5
1901526,1901530,48.81260299682617,-19.03196144104004,194.56195,,26.550705,,943,gt2r,processed_ATL08_20181129100805_09430114_004_01.h5
1901531,1901535,48.8125114440918,-19.03105926513672,176.78578,,17.356339,,943,gt2r,processed_ATL08_20181129100805_09430114_004_01.h5
1901536,1901540,48.81242370605469,-19.030160903930664,163.26506,,12.499847,,943,gt2r,processed_ATL08_20181129100805_09430114_004_01.h5
1901541,1901545,48.81233596801758,-19.029258728027344,162.57266,5.1175556,14.117523,3.1545224,943,gt2r,processed_ATL08_20181129100805_09430114_004_01.h5
1901546,1901550,48.81224822998047,-19.028358459472656,178.34044,,11.804611,,943,gt2r,processed_ATL08_20181129100805_09430114_004_01.h5
1901551,1901555,48.81216049194336,-19.02745819091797,174.3488,11.157609,24.844696,7.1134114,943,gt2r,processed_ATL08_20181129100805_09430114_004_01.h5
1901557,1901560,48.81207275390625,-19.02655601501465,185.8731,,40.013504,,943,gt2r,processed_ATL08_20181129100805_09430114_004_01.h5
1901561,1901565,48.81198501586914,-19.02565574645996,173.9653,16.721956,39.42163,10.29333,943,gt2r,processed_ATL08_20181129100805_09430114_004_01.h5
1901566,1901570,48.8119010925293,-19.024755477905273,159.4577,0.21786205,,,943,gt2r,processed_ATL08_20181129100805_09430114_004_01.h5
1901571,1901575,48.81180953979492,-19.023855209350586,163.60724,0.47320426,21.245377,0.7038492,943,gt2r,processed_ATL08_20181129100805_09430114_004_01.h5
1901576,1901579,48.81170654296875,-19.022857666015625,197.68367,23.217758,22.917206,28.803211,943,gt2r,processed_ATL08_20181129100805_09430114_004_01.h5
1901581,1901585,48.81162643432617,-19.022052764892578,214.9467,,29.149689,,943,gt2r,processed_ATL08_20181129100805_09430114_004_01.h5
1901586,1901590,48.8115348815918,-19.021154403686523,202.22887,10.365909,27.356232,7.4431763,943,gt2r,processed_ATL08_20181129100805_09430114_004_01.h5
1901591,1901595,48.81144714355469,-19.020254135131836,198.07088,4.328708,27.610855,5.0154066,943,gt2r,processed_ATL08_20181129100805_09430114_004_01.h5
1901596,1901600,48.81135559082031,-19.01935386657715,244.06767,5.2936134,23.159103,6.5286865,943,gt2r,processed_ATL08_20181129100805_09430114_004_01.h5
1901601,1901605,48.81126403808594,-19.01845359802246,272.96454,8.545118,19.526672,7.112663,943,gt2r,processed_ATL08_20181129100805_09430114_004_01.h5
1901606,1901610,48.81117630004883,-19.017553329467773,267.93918,,16.4693,,943,gt2r,processed_ATL08_20181129100805_09430114_004_01.h5
1901611,1901615,48.81108474731445,-19.016653060913086,240.4374,9.520975,10.663635,5.8419747,943,gt2r,processed_ATL08_20181129100805_09430114_004_01.h5
1901616,1901620,48.81099319458008,-19.0157527923584,214.77821,13.638377,7.119034,3.5621328,943,gt2r,processed_ATL08_20181129100805_09430114_004_01.h5
1901621,1901625,48.8109016418457,-19.01485252380371,214.11162,,10.389954,,943,gt2r,processed_ATL08_20181129100805_09430114_004_01.h5
1901626,1901630,48.81081771850586,-19.01395034790039,201.22697,15.515191,17.159622,7.7606716,943,gt2r,processed_ATL08_20181129100805_09430114_004_01.h5
1901631,1901635,48.81072998046875,-19.013051986694336,197.68555,0.749141,15.58345,1.015071,943,gt2r,processed_ATL08_20181129100805_09430114_004_01.h5
1901636,1901640,48.810638427734375,-19.012149810791016,200.05232,2.3443205,12.729431,2.8726346,943,gt2r,processed_ATL08_20181129100805_09430114_004_01.h5
1901641,1901645,48.810546875,-19.011249542236328,201.45918,0.257231,14.06073,0.37167972,943,gt2r,processed_ATL08_20181129100805_09430114_004_01.h5
1901646,1901650,48.810455322265625,-19.01034927368164,202.61304,0.40075243,15.563126,0.5803357,943,gt2r,processed_ATL08_20181129100805_09430114_004_01.h5
1901656,1901660,48.81026840209961,-19.0085506439209,246.30612,,28.06215,,943,gt2r,processed_ATL08_20181129100805_09430114_004_01.h5
1901661,1901665,48.810176849365234,-19.00765037536621,241.24825,15.311833,13.04454,5.815555,943,gt2r,processed_ATL08_20181129100805_09430114_004_01.h5
1901666,1901670,48.810089111328125,-19.00674819946289,219.66382,9.782249,15.7981415,3.3881402,943,gt2r,processed_ATL08_20181129100805_09430114_004_01.h5
1901671,1901675,48.80998992919922,-19.005849838256836,217.51466,,20.264282,,943,gt2r,processed_ATL08_20181129100805_09430114_004_01.h5
1901676,1901680,48.80990219116211,-19.00494956970215,207.73935,,26.378784,,943,gt2r,processed_ATL08_20181129100805_09430114_004_01.h5
1901682,1901684,48.8098258972168,-19.00414276123047,186.85464,,25.556793,,943,gt2r,processed_ATL08_20181129100805_09430114_004_01.h5
1901686,1901690,48.809722900390625,-19.003149032592773,162.37334,0.8506159,18.774918,1.2055528,943,gt2r,processed_ATL08_20181129100805_09430114_004_01.h5
1901691,1901695,48.809627532958984,-19.002248764038086,154.84465,3.5377324,24.65001,2.8040242,943,gt2r,processed_ATL08_20181129100805_09430114_004_01.h5
1901696,1901700,48.80953598022461,-19.0013484954834,153.11305,,33.06465,,943,gt2r,processed_ATL08_20181129100805_09430114_004_01.h5
1901701,1901705,48.809444427490234,-19.000446319580078,148.22433,,25.406586,,943,gt2r,processed_ATL08_20181129100805_09430114_004_01.h5
1901706,1901710,48.809349060058594,-18.999547958374023,136.07182,,24.45192,,943,gt2r,processed_ATL08_20181129100805_09430114_004_01.h5
1901711,1901715,48.80925750732422,-18.998647689819336,139.63568,9.156509,18.892792,2.9097629,943,gt2r,processed_ATL08_20181129100805_09430114_004_01.h5
1901716,1901720,48.809165954589844,-18.99774742126465,148.18486,,24.410217,,943,gt2r,processed_ATL08_20181129100805_09430114_004_01.h5
1901721,1901725,48.8090705871582,-18.99684715270996,148.74625,,24.165176,,943,gt2r,processed_ATL08_20181129100805_09430114_004_01.h5
1901726,1901730,48.80897903442383,-18.995946884155273,135.63573,,24.860779,,943,gt2r,processed_ATL08_20181129100805_09430114_004_01.h5
1901731,1901735,48.80888748168945,-18.995046615600586,124.97093,,22.620232,,943,gt2r,processed_ATL08_20181129100805_09430114_004_01.h5
1901736,1901740,48.80879211425781,-18.9941463470459,126.056,,17.427658,,943,gt2r,processed_ATL08_20181129100805_09430114_004_01.h5
1901741,1901745,48.80869674682617,-18.99324607849121,128.91135,4.0787926,15.689774,2.9030817,943,gt2r,processed_ATL08_20181129100805_09430114_004_01.h5
1901746,1901750,48.8086051940918,-18.992347717285156,130.99722,,21.159561,,943,gt2r,processed_ATL08_20181129100805_09430114_004_01.h5
1901752,1901755,48.808509826660156,-18.99144744873047,115.12028,2.5219965,13.464447,3.7673764,943,gt2r,processed_ATL08_20181129100805_09430114_004_01.h5
1901756,1901760,48.808414459228516,-18.99054718017578,94.7766,,18.21782,,943,gt2r,processed_ATL08_20181129100805_09430114_004_01.h5
1901761,1901765,48.80832290649414,-18.989646911621094,79.22328,1.475147,17.271347,1.9843494,943,gt2r,processed_ATL08_20181129100805_09430114_004_01.h5
1901766,1901770,48.8082275390625,-18.988746643066406,63.80591,2.9562578,22.269989,3.0267842,943,gt2r,processed_ATL08_20181129100805_09430114_004_01.h5
1901771,1901775,48.808135986328125,-18.98784637451172,65.20005,,20.597935,,943,gt2r,processed_ATL08_20181129100805_09430114_004_01.h5
1901776,1901780,48.808040618896484,-18.98694610595703,49.426308,0.32226968,20.680103,0.44751632,943,gt2r,processed_ATL08_20181129100805_09430114_004_01.h5
1901781,1901785,48.807945251464844,-18.986047744750977,52.05409,3.3646486,23.253342,1.6412988,943,gt2r,processed_ATL08_20181129100805_09430114_004_01.h5
1901786,1901790,48.80785369873047,-18.985145568847656,57.19472,,22.270859,,943,gt2r,processed_ATL08_20181129100805_09430114_004_01.h5
1901791,1901795,48.8077507019043,-18.9842472076416,70.14582,,22.243126,,943,gt2r,processed_ATL08_20181129100805_09430114_004_01.h5
1901796,1901800,48.807655334472656,-18.983346939086914,72.13397,6.177997,24.807762,2.900246,943,gt2r,processed_ATL08_20181129100805_09430114_004_01.h5
1901801,1901805,48.80756378173828,-18.982446670532227,88.34008,,19.522133,,943,gt2r,processed_ATL08_20181129100805_09430114_004_01.h5
1901806,1901810,48.80746078491211,-18.981548309326172,94.50302,2.7903426,18.505112,1.8593612,943,gt2r,processed_ATL08_20181129100805_09430114_004_01.h5
1901811,1901815,48.80736541748047,-18.980648040771484,92.110596,1.4563658,38.56382,1.3652595,943,gt2r,processed_ATL08_20181129100805_09430114_004_01.h5
1901816,1901820,48.80727005004883,-18.979747772216797,104.34624,,41.86915,,943,gt2r,processed_ATL08_20181129100805_09430114_004_01.h5
1901821,1901825,48.80717086791992,-18.978849411010742,114.16546,,17.504837,,943,gt2r,processed_ATL08_20181129100805_09430114_004_01.h5
1901826,1901830,48.80707550048828,-18.977947235107422,96.76262,,17.229362,,943,gt2r,processed_ATL08_20181129100805_09430114_004_01.h5
1901831,1901835,48.80698013305664,-18.977048873901367,84.94379,4.35502,15.13562,1.9980845,943,gt2r,processed_ATL08_20181129100805_09430114_004_01.h5
1901836,1901840,48.806880950927734,-18.976150512695312,76.370415,4.285863,16.274559,2.455394,943,gt2r,processed_ATL08_20181129100805_09430114_004_01.h5
1901841,1901845,48.806785583496094,-18.975250244140625,64.82749,,13.415787,,943,gt2r,processed_ATL08_20181129100805_09430114_004_01.h5
1901846,1901850,48.80669403076172,-18.974349975585938,43.84379,0.6508225,19.85025,0.7892683,943,gt2r,processed_ATL08_20181129100805_09430114_004_01.h5
1901851,1901855,48.80659103393555,-18.97344970703125,40.93313,0.30166066,14.224129,0.37064496,943,gt2r,processed_ATL08_20181129100805_09430114_004_01.h5
1901856,1901860,48.80649185180664,-18.972551345825195,46.78595,0.76694477,14.603653,0.85858905,943,gt2r,processed_ATL08_20181129100805_09430114_004_01.h5
1901861,1901865,48.806392669677734,-18.971651077270508,55.733963,4.150521,16.881554,1.7117853,943,gt2r,processed_ATL08_20181129100805_09430114_004_01.h5
1901906,1901910,48.80549621582031,-18.96355628967285,131.99078,8.360012,17.267181,4.8793526,943,gt2r,processed_ATL08_20181129100805_09430114_004_01.h5
1901911,1901915,48.805397033691406,-18.962656021118164,128.96408,9.5195465,13.653297,2.384999,943,gt2r,processed_ATL08_20181129100805_09430114_004_01.h5
1901916,1901920,48.805301666259766,-18.961755752563477,106.770134,3.375932,13.8354645,3.486929,943,gt2r,processed_ATL08_20181129100805_09430114_004_01.h5
1901921,1901925,48.80520248413086,-18.960857391357422,92.24276,,12.207008,,943,gt2r,processed_ATL08_20181129100805_09430114_004_01.h5
1901926,1901930,48.80510330200195,-18.959957122802734,78.99157,5.0155783,20.436722,2.9077868,943,gt2r,processed_ATL08_20181129100805_09430114_004_01.h5
1901931,1901935,48.80500411987305,-18.95905876159668,65.62288,1.5827285,17.478127,1.7931218,943,gt2r,processed_ATL08_20181129100805_09430114_004_01.h5
1901936,1901940,48.80490493774414,-18.958158493041992,62.79007,0.71847486,18.409966,0.9746878,943,gt2r,processed_ATL08_20181129100805_09430114_004_01.h5
1901941,1901945,48.804805755615234,-18.957260131835938,64.967896,,29.306625,,943,gt2r,processed_ATL08_20181129100805_09430114_004_01.h5
1901946,1901950,48.8046989440918,-18.95635986328125,66.9334,,25.550041,,943,gt2r,processed_ATL08_20181129100805_09430114_004_01.h5
1901951,1901955,48.80459976196289,-18.955461502075195,79.12805,,21.265419,,943,gt2r,processed_ATL08_20181129100805_09430114_004_01.h5
1901956,1901960,48.80450439453125,-18.954561233520508,65.84522,2.419473,15.340065,2.4515564,943,gt2r,processed_ATL08_20181129100805_09430114_004_01.h5
1901961,1901965,48.804405212402344,-18.95366096496582,48.0749,0.2256038,15.360832,0.32061148,943,gt2r,processed_ATL08_20181129100805_09430114_004_01.h5
1901966,1901970,48.80430603027344,-18.952762603759766,59.84173,4.9774756,12.1484375,1.0637305,943,gt2r,processed_ATL08_20181129100805_09430114_004_01.h5
1901971,1901975,48.804203033447266,-18.951862335205078,59.325073,1.6228012,13.307034,1.2357615,943,gt2r,processed_ATL08_20181129100805_09430114_004_01.h5
1901976,1901980,48.80410385131836,-18.950963973999023,48.795345,0.07414813,11.517265,0.11538658,943,gt2r,processed_ATL08_20181129100805_09430114_004_01.h5
1901981,1901985,48.80400085449219,-18.950063705444336,63.56301,,22.913967,,943,gt2r,processed_ATL08_20181129100805_09430114_004_01.h5
1902016,1902020,48.803321838378906,-18.943946838378906,64.90867,0.28402478,13.230949,0.43742806,943,gt2r,processed_ATL08_20181129100805_09430114_004_01.h5
1902021,1902025,48.803199768066406,-18.942869186401367,76.44134,0.7735419,11.4450035,0.8003697,943,gt2r,processed_ATL08_20181129100805_09430114_004_01.h5
1902026,1902030,48.8030891418457,-18.941970825195312,93.83286,6.3166146,13.31282,2.2830455,943,gt2r,processed_ATL08_20181129100805_09430114_004_01.h5
1902031,1902035,48.8029899597168,-18.941070556640625,73.37013,1.8604673,12.661179,1.4523518,943,gt2r,processed_ATL08_20181129100805_09430114_004_01.h5
1902036,1902040,48.80289077758789,-18.940170288085938,73.27295,2.5902252,13.740448,2.2701612,943,gt2r,processed_ATL08_20181129100805_09430114_004_01.h5
1902041,1902045,48.80278396606445,-18.939271926879883,72.785034,1.483334,19.42789,1.8939444,943,gt2r,processed_ATL08_20181129100805_09430114_004_01.h5
1902046,1902050,48.80268859863281,-18.938371658325195,45.043182,0.5708076,22.45242,0.5293208,943,gt2r,processed_ATL08_20181129100805_09430114_004_01.h5
1902051,1902055,48.802589416503906,-18.93747329711914,60.454525,0.21668433,10.976997,0.3075224,943,gt2r,processed_ATL08_20181129100805_09430114_004_01.h5
1902056,1902060,48.80248260498047,-18.936573028564453,74.21471,7.2120376,9.364311,1.0130388,943,gt2r,processed_ATL08_20181129100805_09430114_004_01.h5
1902061,1902065,48.80238342285156,-18.9356746673584,61.742058,4.162473,7.992378,0.79179364,943,gt2r,processed_ATL08_20181129100805_09430114_004_01.h5
1902066,1902070,48.802284240722656,-18.93477439880371,53.362175,0.21301486,8.285381,0.3150418,943,gt2r,processed_ATL08_20181129100805_09430114_004_01.h5
1902071,1902075,48.80218505859375,-18.933876037597656,59.96235,0.42248422,9.2519,0.54531157,943,gt2r,processed_ATL08_20181129100805_09430114_004_01.h5
1902076,1902080,48.80208206176758,-18.93297576904297,68.185165,4.2822785,9.565819,0.9663538,943,gt2r,processed_ATL08_20181129100805_09430114_004_01.h5
1902081,1902085,48.80198287963867,-18.932077407836914,66.584335,1.7199535,11.749397,1.1820248,943,gt2r,processed_ATL08_20181129100805_09430114_004_01.h5
1902086,1902090,48.801883697509766,-18.931177139282227,61.38845,0.14908427,10.840603,0.21563245,943,gt2r,processed_ATL08_20181129100805_09430114_004_01.h5
1902091,1902095,48.80178451538086,-18.93027687072754,57.129642,0.1673909,11.918728,0.2539411,943,gt2r,processed_ATL08_20181129100805_09430114_004_01.h5
1902096,1902100,48.80168533325195,-18.929378509521484,88.36557,5.8664675,11.625374,2.283949,943,gt2r,processed_ATL08_20181129100805_09430114_004_01.h5
1902101,1902105,48.80158233642578,-18.928478240966797,84.583244,4.3776336,9.4724045,0.952923,943,gt2r,processed_ATL08_20181129100805_09430114_004_01.h5
1902106,1902110,48.801475524902344,-18.927579879760742,98.44735,3.596403,13.598656,2.1542218,943,gt2r,processed_ATL08_20181129100805_09430114_004_01.h5
1902111,1902115,48.80137634277344,-18.926681518554688,128.89989,8.578593,11.1622925,1.6326686,943,gt2r,processed_ATL08_20181129100805_09430114_004_01.h5
1902116,1902120,48.80127716064453,-18.92578125,97.19475,7.327686,12.965233,3.0498717,943,gt2r,processed_ATL08_20181129100805_09430114_004_01.h5
1902121,1902125,48.801177978515625,-18.924880981445312,86.920906,5.6577373,21.856056,1.7067313,943,gt2r,processed_ATL08_20181129100805_09430114_004_01.h5
1902126,1902130,48.80107879638672,-18.923982620239258,99.774315,4.1845393,14.274162,1.9045901,943,gt2r,processed_ATL08_20181129100805_09430114_004_01.h5
1902131,1902135,48.80097961425781,-18.92308235168457,105.8851,10.68248,9.687523,1.6901789,943,gt2r,processed_ATL08_20181129100805_09430114_004_01.h5
1902136,1902140,48.800880432128906,-18.922183990478516,95.93643,7.4524508,13.149498,2.4499278,943,gt2r,processed_ATL08_20181129100805_09430114_004_01.h5
1902141,1902145,48.800777435302734,-18.921283721923828,71.14448,0.44212297,12.236404,0.6048172,943,gt2r,processed_ATL08_20181129100805_09430114_004_01.h5
1902146,1902150,48.80067825317383,-18.92038345336914,76.48722,1.1724979,17.317429,1.4686952,943,gt2r,processed_ATL08_20181129100805_09430114_004_01.h5
1902151,1902155,48.80057907104492,-18.919485092163086,80.46391,1.1631093,11.295776,1.1169939,943,gt2r,processed_ATL08_20181129100805_09430114_004_01.h5
1902156,1902160,48.80047607421875,-18.91858673095703,89.77026,0.724457,8.608276,0.7390267,943,gt2r,processed_ATL08_20181129100805_09430114_004_01.h5
1902161,1902165,48.800376892089844,-18.917686462402344,97.983086,0.6966581,11.184639,0.78323925,943,gt2r,processed_ATL08_20181129100805_09430114_004_01.h5
1902166,1902170,48.8002815246582,-18.916786193847656,122.402664,8.402622,14.17041,4.963725,943,gt2r,processed_ATL08_20181129100805_09430114_004_01.h5
1902171,1902175,48.8001823425293,-18.91588592529297,144.61914,4.356143,14.15155,3.5795507,943,gt2r,processed_ATL08_20181129100805_09430114_004_01.h5
1902276,1902280,48.79811096191406,-18.896995544433594,425.5533,26.509443,7.8397217,9.450857,943,gt2r,processed_ATL08_20181129100805_09430114_004_01.h5
1902281,1902285,48.79801940917969,-18.896095275878906,403.18073,22.556286,8.331543,6.2631717,943,gt2r,processed_ATL08_20181129100805_09430114_004_01.h5
1902286,1902290,48.797916412353516,-18.89519691467285,418.2022,26.052395,6.9632874,7.2389684,943,gt2r,processed_ATL08_20181129100805_09430114_004_01.h5
1902291,1902295,48.79781723022461,-18.894296646118164,405.31607,17.716673,10.444,6.6595426,943,gt2r,processed_ATL08_20181129100805_09430114_004_01.h5
1902296,1902300,48.797725677490234,-18.893396377563477,385.99408,10.00138,8.66864,6.28107,943,gt2r,processed_ATL08_20181129100805_09430114_004_01.h5
1902301,1902305,48.797637939453125,-18.89249610900879,381.92157,34.182217,7.054474,4.3175263,943,gt2r,processed_ATL08_20181129100805_09430114_004_01.h5
1902306,1902310,48.797542572021484,-18.8915958404541,365.85214,7.7422743,4.7301636,4.6698246,943,gt2r,processed_ATL08_20181129100805_09430114_004_01.h5
1902311,1902315,48.79744338989258,-18.890695571899414,338.6209,7.7694287,8.650726,4.7947125,943,gt2r,processed_ATL08_20181129100805_09430114_004_01.h5
1902316,1902320,48.7973518371582,-18.889795303344727,326.3248,16.280064,7.690918,3.7723036,943,gt2r,processed_ATL08_20181129100805_09430114_004_01.h5
1902321,1902325,48.79726028442383,-18.88889503479004,303.26257,7.4182205,5.984436,3.433217,943,gt2r,processed_ATL08_20181129100805_09430114_004_01.h5
1902326,1902330,48.79716491699219,-18.887996673583984,307.87018,16.099688,8.448517,6.346096,943,gt2r,processed_ATL08_20181129100805_09430114_004_01.h5
1902331,1902335,48.79706954956055,-18.887096405029297,304.89972,18.249937,11.648468,7.354614,943,gt2r,processed_ATL08_20181129100805_09430114_004_01.h5
1902336,1902340,48.796974182128906,-18.88619613647461,323.62042,15.13455,10.07959,4.7204585,943,gt2r,processed_ATL08_20181129100805_09430114_004_01.h5
1902341,1902345,48.796878814697266,-18.885295867919922,307.66272,0.93082535,11.495605,1.1966268,943,gt2r,processed_ATL08_20181129100805_09430114_004_01.h5
1902346,1902350,48.796783447265625,-18.884395599365234,325.74374,11.299056,8.192322,4.095828,943,gt2r,processed_ATL08_20181129100805_09430114_004_01.h5
1902351,1902355,48.79669189453125,-18.883495330810547,294.95,15.0938015,10.726196,9.718177,943,gt2r,processed_ATL08_20181129100805_09430114_004_01.h5
1902356,1902360,48.796600341796875,-18.88259506225586,269.48172,11.462003,12.816223,8.513773,943,gt2r,processed_ATL08_20181129100805_09430114_004_01.h5
1902402,1902405,48.79574966430664,-18.874313354492188,271.54364,24.379036,11.846771,11.125516,943,gt2r,processed_ATL08_20181129100805_09430114_004_01.h5
1902406,1902410,48.795677185058594,-18.873594284057617,259.7143,9.69858,10.542572,7.0816603,943,gt2r,processed_ATL08_20181129100805_09430114_004_01.h5
1902411,1902415,48.795589447021484,-18.87269401550293,259.02216,28.522736,10.476135,4.6224813,943,gt2r,processed_ATL08_20181129100805_09430114_004_01.h5
1902416,1902420,48.79549789428711,-18.871793746948242,246.23146,6.3897147,10.821533,4.752477,943,gt2r,processed_ATL08_20181129100805_09430114_004_01.h5
1902421,1902425,48.795406341552734,-18.870893478393555,233.58409,,55.15532,,943,gt2r,processed_ATL08_20181129100805_09430114_004_01.h5
1902426,1902430,48.79532241821289,-18.869991302490234,219.54071,,59.455765,,943,gt2r,processed_ATL08_20181129100805_09430114_004_01.h5
1902462,1902466,48.79466247558594,-18.863510131835938,281.16156,22.990263,9.339478,16.556774,943,gt2r,processed_ATL08_20181129100805_09430114_004_01.h5
1902467,1902471,48.79457473754883,-18.86260986328125,262.08417,8.47751,10.955383,9.001281,943,gt2r,processed_ATL08_20181129100805_09430114_004_01.h5
1902472,1902476,48.79448699951172,-18.861709594726562,259.18906,12.307689,10.714722,4.648202,943,gt2r,processed_ATL08_20181129100805_09430114_004_01.h5
1902477,1902481,48.79439926147461,-18.860807418823242,253.07309,6.897997,9.937363,4.9312425,943,gt2r,processed_ATL08_20181129100805_09430114_004_01.h5
1902482,1902486,48.7943115234375,-18.859907150268555,232.39316,6.6568594,15.134567,6.7388463,943,gt2r,processed_ATL08_20181129100805_09430114_004_01.h5
1902487,1902491,48.79422378540039,-18.859006881713867,217.14922,,24.800583,,943,gt2r,processed_ATL08_20181129100805_09430114_004_01.h5
1902492,1902496,48.79412841796875,-18.85810661315918,222.94014,,28.718979,,943,gt2r,processed_ATL08_20181129100805_09430114_004_01.h5
1902558,1902561,48.792972564697266,-18.84621810913086,208.40912,8.261667,8.452072,9.542826,943,gt2r,processed_ATL08_20181129100805_09430114_004_01.h5
1902562,1902566,48.792903900146484,-18.845497131347656,198.83081,,9.2387085,,943,gt2r,processed_ATL08_20181129100805_09430114_004_01.h5
1902567,1902571,48.792816162109375,-18.84459686279297,182.50516,4.90507,8.37114,3.1085956,943,gt2r,processed_ATL08_20181129100805_09430114_004_01.h5
1902572,1902576,48.792728424072266,-18.84369659423828,159.90356,3.390811,12.624496,3.870585,943,gt2r,processed_ATL08_20181129100805_09430114_004_01.h5
1902577,1902581,48.792640686035156,-18.842796325683594,151.5739,,10.507706,,943,gt2r,processed_ATL08_20181129100805_09430114_004_01.h5
1902582,1902586,48.79256057739258,-18.841894149780273,145.3704,8.934173,17.041733,3.8265407,943,gt2r,processed_ATL08_20181129100805_09430114_004_01.h5
1902587,1902591,48.79247283935547,-18.840993881225586,150.09734,,16.908218,,943,gt2r,processed_ATL08_20181129100805_09430114_004_01.h5
1902592,1902596,48.79238510131836,-18.8400936126709,146.462,,19.521652,,943,gt2r,processed_ATL08_20181129100805_09430114_004_01.h5
1902597,1902601,48.79229736328125,-18.83919334411621,148.061,4.6590557,15.203598,4.2476206,943,gt2r,processed_ATL08_20181129100805_09430114_004_01.h5
1902602,1902606,48.792213439941406,-18.83829116821289,131.0544,2.8603942,14.591492,3.195186,943,gt2r,processed_ATL08_20181129100805_09430114_004_01.h5
1902607,1902611,48.7921257019043,-18.837390899658203,130.53432,,18.108002,,943,gt2r,processed_ATL08_20181129100805_09430114_004_01.h5
1902612,1902616,48.79204177856445,-18.836490631103516,115.29799,3.6217594,11.239548,3.9755132,943,gt2r,processed_ATL08_20181129100805_09430114_004_01.h5
1902617,1902621,48.791954040527344,-18.835590362548828,107.25759,,10.999649,,943,gt2r,processed_ATL08_20181129100805_09430114_004_01.h5
1902622,1902626,48.791866302490234,-18.834688186645508,116.07256,3.7018764,10.132721,1.6588392,943,gt2r,processed_ATL08_20181129100805_09430114_004_01.h5
1902627,1902631,48.79178237915039,-18.83378791809082,140.49657,3.8498156,7.389023,1.9950855,943,gt2r,processed_ATL08_20181129100805_09430114_004_01.h5
1902632,1902636,48.791690826416016,-18.832887649536133,157.91939,,24.50763,,943,gt2r,processed_ATL08_20181129100805_09430114_004_01.h5
1902637,1902641,48.791603088378906,-18.831987380981445,139.21086,3.7689896,14.470963,4.4599705,943,gt2r,processed_ATL08_20181129100805_09430114_004_01.h5
1902642,1902646,48.79151916503906,-18.831087112426758,133.31905,6.450481,16.44577,5.3774505,943,gt2r,processed_ATL08_20181129100805_09430114_004_01.h5
1902648,1902651,48.79143142700195,-18.83018684387207,170.4072,,15.101059,,943,gt2r,processed_ATL08_20181129100805_09430114_004_01.h5
1902652,1902656,48.79133987426758,-18.82928466796875,214.56898,17.902884,6.483017,5.293672,943,gt2r,processed_ATL08_20181129100805_09430114_004_01.h5
1902657,1902661,48.79125213623047,-18.828384399414062,204.56017,14.024335,10.386551,4.3267756,943,gt2r,processed_ATL08_20181129100805_09430114_004_01.h5
1902662,1902666,48.791168212890625,-18.827484130859375,160.00615,4.659292,10.0889435,2.5761192,943,gt2r,processed_ATL08_20181129100805_09430114_004_01.h5
1902667,1902671,48.79108428955078,-18.826583862304688,125.76317,2.4284608,7.235092,1.7776918,943,gt2r,processed_ATL08_20181129100805_09430114_004_01.h5
1902672,1902676,48.79099655151367,-18.825681686401367,103.1713,2.5214028,7.6065674,1.3976214,943,gt2r,processed_ATL08_20181129100805_09430114_004_01.h5
1902677,1902681,48.79091262817383,-18.82478141784668,83.55723,1.4661746,7.443199,1.3064042,943,gt2r,processed_ATL08_20181129100805_09430114_004_01.h5
1902682,1902686,48.790828704833984,-18.823881149291992,82.00208,4.1145353,5.6407013,1.334923,943,gt2r,processed_ATL08_20181129100805_09430114_004_01.h5
1902687,1902691,48.790740966796875,-18.822978973388672,83.42028,4.885946,8.714546,1.5375313,943,gt2r,processed_ATL08_20181129100805_09430114_004_01.h5
1902692,1902696,48.790653228759766,-18.822078704833984,85.90346,0.7752844,8.607376,0.65042925,943,gt2r,processed_ATL08_20181129100805_09430114_004_01.h5
1902697,1902701,48.790565490722656,-18.821178436279297,86.669556,10.821286,16.046585,3.07155,943,gt2r,processed_ATL08_20181129100805_09430114_004_01.h5
1902702,1902706,48.79047775268555,-18.82027816772461,76.61335,1.9782189,16.984947,1.9470874,943,gt2r,processed_ATL08_20181129100805_09430114_004_01.h5
1902707,1902711,48.79039001464844,-18.819377899169922,69.632614,3.3622465,11.119247,2.253597,943,gt2r,processed_ATL08_20181129100805_09430114_004_01.h5
1902712,1902716,48.79030227661133,-18.8184757232666,71.179924,,16.046455,,943,gt2r,processed_ATL08_20181129100805_09430114_004_01.h5
1902717,1902721,48.79021453857422,-18.817575454711914,59.14842,1.3479742,14.924377,1.5441834,943,gt2r,processed_ATL08_20181129100805_09430114_004_01.h5
1902722,1902726,48.790130615234375,-18.816675186157227,58.694263,0.15791374,9.207809,0.22618903,943,gt2r,processed_ATL08_20181129100805_09430114_004_01.h5
1902727,1902731,48.7900390625,-18.81577491760254,59.025127,0.060422316,,,943,gt2r,processed_ATL08_20181129100805_09430114_004_01.h5
1902732,1902736,48.78995132446289,-18.81487464904785,74.699455,,17.948082,,943,gt2r,processed_ATL08_20181129100805_09430114_004_01.h5
1902737,1902741,48.78986358642578,-18.813974380493164,116.88132,,12.254654,,943,gt2r,processed_ATL08_20181129100805_09430114_004_01.h5
1902742,1902746,48.78977584838867,-18.813072204589844,109.78094,4.1533256,11.93837,5.2723,943,gt2r,processed_ATL08_20181129100805_09430114_004_01.h5
1902747,1902751,48.7896842956543,-18.812171936035156,113.83999,,13.522736,,943,gt2r,processed_ATL08_20181129100805_09430114_004_01.h5
1902752,1902756,48.78959274291992,-18.81127166748047,119.8695,11.934188,17.429626,7.186524,943,gt2r,processed_ATL08_20181129100805_09430114_004_01.h5
1902757,1902761,48.789512634277344,-18.81037139892578,122.01254,,18.941162,,943,gt2r,processed_ATL08_20181129100805_09430114_004_01.h5
1902762,1902766,48.789424896240234,-18.809471130371094,124.485,,21.120674,,943,gt2r,processed_ATL08_20181129100805_09430114_004_01.h5
1902767,1902771,48.78933334350586,-18.808568954467773,122.064896,,22.632256,,943,gt2r,processed_ATL08_20181129100805_09430114_004_01.h5
1902772,1902776,48.78924560546875,-18.807668685913086,94.760025,1.2985288,14.069412,1.7095383,943,gt2r,processed_ATL08_20181129100805_09430114_004_01.h5
1902777,1902781,48.78915786743164,-18.80677032470703,73.69522,0.6853179,14.348885,1.0025898,943,gt2r,processed_ATL08_20181129100805_09430114_004_01.h5
1902782,1902786,48.78907012939453,-18.80586814880371,67.7493,0.32448986,12.421677,0.47643456,943,gt2r,processed_ATL08_20181129100805_09430114_004_01.h5
1902787,1902791,48.78898239135742,-18.804967880249023,66.83629,0.10317722,,,943,gt2r,processed_ATL08_20181129100805_09430114_004_01.h5
1902792,1902796,48.78889083862305,-18.804067611694336,72.320366,3.7495065,13.492676,2.9455383,943,gt2r,processed_ATL08_20181129100805_09430114_004_01.h5
1902797,1902801,48.78879928588867,-18.80316734313965,86.449295,,19.770927,,943,gt2r,processed_ATL08_20181129100805_09430114_004_01.h5
1902802,1902806,48.78871536254883,-18.802265167236328,82.74112,7.662387,20.679604,3.88205,943,gt2r,processed_ATL08_20181129100805_09430114_004_01.h5
1902807,1902811,48.78862380981445,-18.80136489868164,101.69568,,16.600555,,943,gt2r,processed_ATL08_20181129100805_09430114_004_01.h5
1902812,1902816,48.78853225708008,-18.800464630126953,115.0671,7.7274156,14.535553,3.2175848,943,gt2r,processed_ATL08_20181129100805_09430114_004_01.h5
1902817,1902821,48.7884407043457,-18.799564361572266,137.51257,,17.487839,,943,gt2r,processed_ATL08_20181129100805_09430114_004_01.h5
1902822,1902826,48.788352966308594,-18.798664093017578,123.84387,4.268461,18.118729,3.1196086,943,gt2r,processed_ATL08_20181129100805_09430114_004_01.h5
1902827,1902831,48.78826141357422,-18.79776382446289,99.1541,9.644146,16.001534,2.618933,943,gt2r,processed_ATL08_20181129100805_09430114_004_01.h5
1902832,1902836,48.788169860839844,-18.796863555908203,74.60495,1.4031031,13.807327,1.5965809,943,gt2r,processed_ATL08_20181129100805_09430114_004_01.h5
1902837,1902841,48.78807830810547,-18.795963287353516,55.175102,0.16045007,20.101505,0.2565101,943,gt2r,processed_ATL08_20181129100805_09430114_004_01.h5
1902842,1902846,48.78799057006836,-18.795063018798828,47.759186,0.027947657,,,943,gt2r,processed_ATL08_20181129100805_09430114_004_01.h5
1902847,1902851,48.787899017333984,-18.79416275024414,57.46052,1.4463421,19.72092,1.6629666,943,gt2r,processed_ATL08_20181129100805_09430114_004_01.h5
1902852,1902856,48.78780746459961,-18.793262481689453,64.02324,1.8199145,18.713226,1.2624238,943,gt2r,processed_ATL08_20181129100805_09430114_004_01.h5
1902857,1902861,48.787715911865234,-18.792362213134766,61.036346,1.9559131,12.094105,1.9946989,943,gt2r,processed_ATL08_20181129100805_09430114_004_01.h5
1902862,1902866,48.78762435913086,-18.791461944580078,66.488464,0.82267123,8.135361,1.0563504,943,gt2r,processed_ATL08_20181129100805_09430114_004_01.h5
1902867,1902871,48.787532806396484,-18.79056167602539,61.696766,4.4132543,9.488148,0.8927358,943,gt2r,processed_ATL08_20181129100805_09430114_004_01.h5
1902872,1902876,48.78744125366211,-18.789661407470703,69.73911,1.7028277,11.967789,1.6935251,943,gt2r,processed_ATL08_20181129100805_09430114_004_01.h5
1902877,1902881,48.787349700927734,-18.788761138916016,81.82298,2.4961653,8.968117,1.8122022,943,gt2r,processed_ATL08_20181129100805_09430114_004_01.h5
1902882,1902886,48.78725814819336,-18.787860870361328,72.3817,2.7482288,10.172119,2.1958296,943,gt2r,processed_ATL08_20181129100805_09430114_004_01.h5
1902887,1902891,48.78715896606445,-18.78696060180664,90.294304,,23.98668,,943,gt2r,processed_ATL08_20181129100805_09430114_004_01.h5
1902892,1902896,48.78705978393555,-18.786062240600586,92.03932,,26.710495,,943,gt2r,processed_ATL08_20181129100805_09430114_004_01.h5
1902897,1902901,48.78697204589844,-18.7851619720459,70.41977,3.6632628,17.23838,1.8504343,943,gt2r,processed_ATL08_20181129100805_09430114_004_01.h5
1902902,1902906,48.78688049316406,-18.78426170349121,68.28817,,11.9142,,943,gt2r,processed_ATL08_20181129100805_09430114_004_01.h5
1902907,1902911,48.78678894042969,-18.783361434936523,64.60097,,18.756592,,943,gt2r,processed_ATL08_20181129100805_09430114_004_01.h5
1902912,1902916,48.78669357299805,-18.782461166381836,65.19348,4.172933,15.434341,1.7565081,943,gt2r,processed_ATL08_20181129100805_09430114_004_01.h5
1902917,1902921,48.78660202026367,-18.78156089782715,59.587555,2.1859872,20.582073,1.7173165,943,gt2r,processed_ATL08_20181129100805_09430114_004_01.h5
1902922,1902926,48.786502838134766,-18.78066062927246,59.364525,,26.734612,,943,gt2r,processed_ATL08_20181129100805_09430114_004_01.h5
1902927,1902931,48.78641128540039,-18.779760360717773,57.767258,1.4792778,17.52716,1.512165,943,gt2r,processed_ATL08_20181129100805_09430114_004_01.h5
1902932,1902936,48.78631591796875,-18.778860092163086,58.818913,0.5932096,11.3073845,0.65342295,943,gt2r,processed_ATL08_20181129100805_09430114_004_01.h5
1902937,1902941,48.78622055053711,-18.77796173095703,69.81045,1.7322185,7.72406,1.0249988,943,gt2r,processed_ATL08_20181129100805_09430114_004_01.h5
1902942,1902946,48.78612518310547,-18.777061462402344,59.32495,0.32273355,19.76477,0.5028523,943,gt2r,processed_ATL08_20181129100805_09430114_004_01.h5
1902947,1902951,48.78602981567383,-18.776161193847656,50.361477,0.063889466,,,943,gt2r,processed_ATL08_20181129100805_09430114_004_01.h5
1902952,1902956,48.78593063354492,-18.77526092529297,50.115868,0.045388397,,,943,gt2r,processed_ATL08_20181129100805_09430114_004_01.h5
1902957,1902961,48.78583908081055,-18.77436065673828,59.166798,4.020165,21.510864,2.0484734,943,gt2r,processed_ATL08_20181129100805_09430114_004_01.h5
1902962,1902966,48.785743713378906,-18.773462295532227,57.490086,0.666401,18.670902,0.824571,943,gt2r,processed_ATL08_20181129100805_09430114_004_01.h5
1902967,1902971,48.785640716552734,-18.77256202697754,60.34764,0.172732,12.550255,0.25822774,943,gt2r,processed_ATL08_20181129100805_09430114_004_01.h5
1902972,1902976,48.78554153442383,-18.771663665771484,65.395805,0.11045218,13.983704,0.17495346,943,gt2r,processed_ATL08_20181129100805_09430114_004_01.h5
1902977,1902981,48.78544616699219,-18.770763397216797,68.83051,1.0908842,15.255272,1.113613,943,gt2r,processed_ATL08_20181129100805_09430114_004_01.h5
1902982,1902986,48.78535079956055,-18.76986312866211,67.44844,0.33133888,12.782593,0.47802517,943,gt2r,processed_ATL08_20181129100805_09430114_004_01.h5
1902987,1902991,48.785255432128906,-18.768962860107422,87.05235,4.23762,15.466324,2.699673,943,gt2r,processed_ATL08_20181129100805_09430114_004_01.h5
1902992,1902996,48.785160064697266,-18.768062591552734,93.14942,4.4847817,10.782402,2.3726907,943,gt2r,processed_ATL08_20181129100805_09430114_004_01.h5
1902997,1903001,48.78506088256836,-18.76716423034668,97.929794,6.749251,13.008644,2.6064525,943,gt2r,processed_ATL08_20181129100805_09430114_004_01.h5
1903002,1903006,48.78496170043945,-18.766263961791992,97.058235,4.2267623,9.147919,1.7367601,943,gt2r,processed_ATL08_20181129100805_09430114_004_01.h5
1903007,1903011,48.78486633300781,-18.765363693237305,121.61999,5.926862,16.983124,1.2969556,943,gt2r,processed_ATL08_20181129100805_09430114_004_01.h5
1903012,1903016,48.78477096557617,-18.764463424682617,99.94936,,6.677864,,943,gt2r,processed_ATL08_20181129100805_09430114_004_01.h5
1903017,1903021,48.784671783447266,-18.763565063476562,77.233894,0.15986419,11.705521,0.2222022,943,gt2r,processed_ATL08_20181129100805_09430114_004_01.h5
1903022,1903026,48.784568786621094,-18.762666702270508,88.696236,1.0666256,14.917862,1.2357659,943,gt2r,processed_ATL08_20181129100805_09430114_004_01.h5
1903027,1903031,48.78447341918945,-18.761764526367188,67.94876,0.6965245,11.101219,0.8574628,943,gt2r,processed_ATL08_20181129100805_09430114_004_01.h5
1903032,1903036,48.78437423706055,-18.760866165161133,75.16455,5.805188,13.351913,2.3867357,943,gt2r,processed_ATL08_20181129100805_09430114_004_01.h5
1903037,1903041,48.78427505493164,-18.759965896606445,80.03793,5.3608007,15.769928,1.9248537,943,gt2r,processed_ATL08_20181129100805_09430114_004_01.h5
1903042,1903046,48.784183502197266,-18.759065628051758,64.511856,4.957492,15.120621,1.5491863,943,gt2r,processed_ATL08_20181129100805_09430114_004_01.h5
1903047,1903051,48.78408432006836,-18.758167266845703,53.721397,0.057628673,13.265816,0.09083348,943,gt2r,processed_ATL08_20181129100805_09430114_004_01.h5
1903052,1903056,48.78398132324219,-18.757266998291016,53.98326,0.08030496,15.421288,0.1273535,943,gt2r,processed_ATL08_20181129100805_09430114_004_01.h5
1903057,1903061,48.78388214111328,-18.75636863708496,96.55186,4.259217,21.561134,2.6543753,943,gt2r,processed_ATL08_20181129100805_09430114_004_01.h5
1903062,1903066,48.783782958984375,-18.755468368530273,89.839485,6.6152463,14.309738,2.8894525,943,gt2r,processed_ATL08_20181129100805_09430114_004_01.h5
1903067,1903071,48.78368377685547,-18.754568099975586,76.882034,4.49595,13.536324,2.213115,943,gt2r,processed_ATL08_20181129100805_09430114_004_01.h5
1903072,1903076,48.7835807800293,-18.75366973876953,81.32508,3.8480313,10.095352,1.89762,943,gt2r,processed_ATL08_20181129100805_09430114_004_01.h5
1903077,1903081,48.783485412597656,-18.752769470214844,65.82347,1.1290613,13.054588,0.99294543,943,gt2r,processed_ATL08_20181129100805_09430114_004_01.h5
1903082,1903086,48.78338623046875,-18.751869201660156,64.39245,0.13326854,10.797951,0.20189627,943,gt2r,processed_ATL08_20181129100805_09430114_004_01.h5
1903087,1903091,48.78329086303711,-18.7509708404541,67.63248,0.4815835,10.216888,0.7082215,943,gt2r,processed_ATL08_20181129100805_09430114_004_01.h5
1903092,1903096,48.7831916809082,-18.750070571899414,73.9192,1.8345989,11.053749,1.742657,943,gt2r,processed_ATL08_20181129100805_09430114_004_01.h5
1903097,1903101,48.783084869384766,-18.74917221069336,82.76779,3.0842493,9.630806,1.7397124,943,gt2r,processed_ATL08_20181129100805_09430114_004_01.h5
1903102,1903106,48.78297805786133,-18.748273849487305,110.15387,2.5522654,14.3495865,1.528679,943,gt2r,processed_ATL08_20181129100805_09430114_004_01.h5
1903107,1903111,48.78288269042969,-18.747373580932617,96.9241,2.8320284,7.9643173,1.438267,943,gt2r,processed_ATL08_20181129100805_09430114_004_01.h5
1903112,1903116,48.78278732299805,-18.74647331237793,86.51374,2.3766105,12.363441,1.4622122,943,gt2r,processed_ATL08_20181129100805_09430114_004_01.h5
1903117,1903121,48.782684326171875,-18.745573043823242,80.9755,0.30277887,12.366631,0.4577996,943,gt2r,processed_ATL08_20181129100805_09430114_004_01.h5
1903122,1903126,48.78258514404297,-18.744674682617188,80.10842,0.1389728,18.276642,0.20784064,943,gt2r,processed_ATL08_20181129100805_09430114_004_01.h5
1903127,1903131,48.78248596191406,-18.7437744140625,85.05878,0.27542332,15.237747,0.4184496,943,gt2r,processed_ATL08_20181129100805_09430114_004_01.h5
1903132,1903136,48.782386779785156,-18.742876052856445,95.00608,8.26713,16.679008,3.1270292,943,gt2r,processed_ATL08_20181129100805_09430114_004_01.h5
1903137,1903141,48.78228759765625,-18.741975784301758,101.21249,8.533622,9.893875,2.9180038,943,gt2r,processed_ATL08_20181129100805_09430114_004_01.h5
1903142,1903146,48.782188415527344,-18.74107551574707,100.54834,10.162348,8.396629,2.7726245,943,gt2r,processed_ATL08_20181129100805_09430114_004_01.h5
1903147,1903151,48.78208541870117,-18.740177154541016,103.79206,6.844319,10.984413,1.8255835,943,gt2r,processed_ATL08_20181129100805_09430114_004_01.h5
1903152,1903156,48.781986236572266,-18.739276885986328,98.180534,4.4941716,7.6827545,3.428088,943,gt2r,processed_ATL08_20181129100805_09430114_004_01.h5
1903157,1903161,48.781883239746094,-18.738378524780273,93.6919,1.9174811,15.193451,1.7152987,943,gt2r,processed_ATL08_20181129100805_09430114_004_01.h5
1903162,1903166,48.78178405761719,-18.737478256225586,106.49026,5.730697,17.000633,3.9441922,943,gt2r,processed_ATL08_20181129100805_09430114_004_01.h5
1903167,1903171,48.781681060791016,-18.73657989501953,126.31062,3.6503003,18.31556,3.9012356,943,gt2r,processed_ATL08_20181129100805_09430114_004_01.h5
1903172,1903176,48.781578063964844,-18.735679626464844,149.9211,11.608465,15.9158325,5.2559094,943,gt2r,processed_ATL08_20181129100805_09430114_004_01.h5
1903177,1903181,48.78147888183594,-18.73478126525879,155.89612,8.24252,13.372726,5.313197,943,gt2r,processed_ATL08_20181129100805_09430114_004_01.h5
1903182,1903186,48.781375885009766,-18.7338809967041,157.55045,5.212608,9.218414,2.5114806,943,gt2r,processed_ATL08_20181129100805_09430114_004_01.h5
1903187,1903191,48.78127670288086,-18.732982635498047,152.30557,8.546445,15.083969,2.9086604,943,gt2r,processed_ATL08_20181129100805_09430114_004_01.h5
1903192,1903196,48.78116989135742,-18.73208236694336,165.92491,5.905216,12.109772,3.698134,943,gt2r,processed_ATL08_20181129100805_09430114_004_01.h5
1903197,1903201,48.78106689453125,-18.731184005737305,145.38367,6.3629093,11.175461,3.2691226,943,gt2r,processed_ATL08_20181129100805_09430114_004_01.h5
1903202,1903206,48.780967712402344,-18.730283737182617,118.2826,1.7876099,4.715584,1.2345454,943,gt2r,processed_ATL08_20181129100805_09430114_004_01.h5
1903207,1903211,48.78086853027344,-18.729385375976562,121.29814,0.67195934,8.359512,0.7226341,943,gt2r,processed_ATL08_20181129100805_09430114_004_01.h5
1903212,1903216,48.78076934814453,-18.728485107421875,146.28133,7.295847,15.529648,2.4548004,943,gt2r,processed_ATL08_20181129100805_09430114_004_01.h5
1903217,1903221,48.78066635131836,-18.72758674621582,135.95189,2.2420237,14.384644,2.0196443,943,gt2r,processed_ATL08_20181129100805_09430114_004_01.h5
1903222,1903226,48.78056716918945,-18.726686477661133,127.07844,0.6009578,8.709785,0.7265833,943,gt2r,processed_ATL08_20181129100805_09430114_004_01.h5
1903227,1903231,48.78046417236328,-18.725788116455078,136.36592,2.818075,13.613235,1.6172501,943,gt2r,processed_ATL08_20181129100805_09430114_004_01.h5
1903232,1903236,48.780364990234375,-18.724885940551758,153.48816,7.939331,13.1974945,3.3370962,943,gt2r,processed_ATL08_20181129100805_09430114_004_01.h5
1903237,1903241,48.78026580810547,-18.723989486694336,171.24562,3.9191287,9.288803,2.3858674,943,gt2r,processed_ATL08_20181129100805_09430114_004_01.h5
1903242,1903246,48.78015899658203,-18.72308921813965,200.06209,3.9115684,10.386414,2.8312504,943,gt2r,processed_ATL08_20181129100805_09430114_004_01.h5
1903247,1903251,48.78005599975586,-18.722190856933594,227.84834,7.4483614,7.7556,3.4893553,943,gt2r,processed_ATL08_20181129100805_09430114_004_01.h5
1903252,1903256,48.77995681762695,-18.721290588378906,255.93202,6.8033433,8.181213,4.176212,943,gt2r,processed_ATL08_20181129100805_09430114_004_01.h5
1903257,1903261,48.77985382080078,-18.72039222717285,267.28293,5.4364853,11.152191,4.351407,943,gt2r,processed_ATL08_20181129100805_09430114_004_01.h5
1903262,1903266,48.77975082397461,-18.719491958618164,279.37555,6.5146985,8.447601,5.4117846,943,gt2r,processed_ATL08_20181129100805_09430114_004_01.h5
1903267,1903271,48.77965545654297,-18.71859359741211,283.90405,10.801443,16.391724,9.513987,943,gt2r,processed_ATL08_20181129100805_09430114_004_01.h5
1903272,1903276,48.7795524597168,-18.717693328857422,282.30304,8.369899,16.323395,7.7301474,943,gt2r,processed_ATL08_20181129100805_09430114_004_01.h5
1903277,1903281,48.77944564819336,-18.716794967651367,290.88168,,10.678101,,943,gt2r,processed_ATL08_20181129100805_09430114_004_01.h5
1903282,1903286,48.77934646606445,-18.71589469909668,303.6814,19.063622,9.44751,5.3693266,943,gt2r,processed_ATL08_20181129100805_09430114_004_01.h5
1903292,1903296,48.779144287109375,-18.714096069335938,386.12576,,33.577423,,943,gt2r,processed_ATL08_20181129100805_09430114_004_01.h5
1903297,1903301,48.77904510498047,-18.713197708129883,370.7594,23.25562,7.1593933,6.6940784,943,gt2r,processed_ATL08_20181129100805_09430114_004_01.h5
1903302,1903306,48.7789421081543,-18.712297439575195,380.63055,,8.999847,,943,gt2r,processed_ATL08_20181129100805_09430114_004_01.h5
1903307,1903311,48.77884292602539,-18.711397171020508,376.77094,10.409993,11.163544,9.771356,943,gt2r,processed_ATL08_20181129100805_09430114_004_01.h5
1903312,1903316,48.778743743896484,-18.710498809814453,373.7564,19.52107,19.368835,9.888472,943,gt2r,processed_ATL08_20181129100805_09430114_004_01.h5
1903317,1903321,48.77864074707031,-18.709598541259766,361.61652,,27.15448,,943,gt2r,processed_ATL08_20181129100805_09430114_004_01.h5
1903322,1903326,48.77854537963867,-18.708698272705078,332.18933,67.13219,18.714294,22.967808,943,gt2r,processed_ATL08_20181129100805_09430114_004_01.h5
1903442,1903446,48.77619934082031,-18.68710708618164,309.92188,,20.944397,,943,gt2r,processed_ATL08_20181129100805_09430114_004_01.h5
1903447,1903451,48.776100158691406,-18.686206817626953,313.69086,,18.500397,,943,gt2r,processed_ATL08_20181129100805_09430114_004_01.h5
1903452,1903456,48.776004791259766,-18.685306549072266,321.4259,40.94021,25.942505,13.861668,943,gt2r,processed_ATL08_20181129100805_09430114_004_01.h5
1903462,1903466,48.77581024169922,-18.683507919311523,354.65842,,33.061096,,943,gt2r,processed_ATL08_20181129100805_09430114_004_01.h5
1903467,1903471,48.77571487426758,-18.682607650756836,349.7749,,25.078247,,943,gt2r,processed_ATL08_20181129100805_09430114_004_01.h5
1903472,1903476,48.7756233215332,-18.68170738220215,371.2296,,33.54892,,943,gt2r,processed_ATL08_20181129100805_09430114_004_01.h5
1903477,1903481,48.7755241394043,-18.68080711364746,389.72293,,32.932404,,943,gt2r,processed_ATL08_20181129100805_09430114_004_01.h5
1903482,1903486,48.775428771972656,-18.679908752441406,393.01538,,32.46515,,943,gt2r,processed_ATL08_20181129100805_09430114_004_01.h5
1903488,1903491,48.77532958984375,-18.67900848388672,442.89633,,43.397583,,943,gt2r,processed_ATL08_20181129100805_09430114_004_01.h5
1903492,1903496,48.775238037109375,-18.67810821533203,484.87518,47.72117,38.876343,20.153425,943,gt2r,processed_ATL08_20181129100805_09430114_004_01.h5
1903497,1903501,48.775146484375,-18.677209854125977,518.9895,,34.653015,,943,gt2r,processed_ATL08_20181129100805_09430114_004_01.h5
1903502,1903506,48.775047302246094,-18.676307678222656,516.4781,,35.54312,,943,gt2r,processed_ATL08_20181129100805_09430114_004_01.h5
1903507,1903511,48.77495193481445,-18.67540740966797,525.12134,,30.543335,,943,gt2r,processed_ATL08_20181129100805_09430114_004_01.h5
1903512,1903516,48.77486038208008,-18.674509048461914,541.625,,38.238464,,943,gt2r,processed_ATL08_20181129100805_09430114_004_01.h5
1903517,1903521,48.77476501464844,-18.673608779907227,547.58575,,41.18994,,943,gt2r,processed_ATL08_20181129100805_09430114_004_01.h5
1903572,1903576,48.773746490478516,-18.663705825805664,625.68384,,30.12555,,943,gt2r,processed_ATL08_20181129100805_09430114_004_01.h5
1903578,1903581,48.77365493774414,-18.662805557250977,619.919,76.95381,33.97882,44.720337,943,gt2r,processed_ATL08_20181129100805_09430114_004_01.h5
1903582,1903586,48.773563385009766,-18.66190528869629,591.99194,,35.161743,,943,gt2r,processed_ATL08_20181129100805_09430114_004_01.h5
1903587,1903591,48.77347946166992,-18.6610050201416,540.6644,,34.91748,,943,gt2r,processed_ATL08_20181129100805_09430114_004_01.h5
1903592,1903596,48.77339172363281,-18.660104751586914,514.9164,,34.217346,,943,gt2r,processed_ATL08_20181129100805_09430114_004_01.h5
1903597,1903601,48.77329635620117,-18.659204483032227,530.48157,,41.80542,,943,gt2r,processed_ATL08_20181129100805_09430114_004_01.h5
1903602,1903606,48.7732048034668,-18.65830421447754,567.09454,56.775078,39.680664,35.97607,943,gt2r,processed_ATL08_20181129100805_09430114_004_01.h5
1903897,1903901,48.76804733276367,-18.60516357421875,275.5957,,26.828918,,943,gt2r,processed_ATL08_20181129100805_09430114_004_01.h5
1903902,1903906,48.76795959472656,-18.604263305664062,250.4363,,27.317566,,943,gt2r,processed_ATL08_20181129100805_09430114_004_01.h5
1903907,1903911,48.76787185668945,-18.603363037109375,239.10814,,21.591125,,943,gt2r,processed_ATL08_20181129100805_09430114_004_01.h5
1903917,1903921,48.7677001953125,-18.601560592651367,247.99176,6.268264,18.887238,7.297693,943,gt2r,processed_ATL08_20181129100805_09430114_004_01.h5
1903927,1903931,48.767520904541016,-18.599760055541992,231.56589,32.67288,17.999817,25.94166,943,gt2r,processed_ATL08_20181129100805_09430114_004_01.h5
1903932,1903936,48.76742935180664,-18.598859786987305,223.5333,24.953207,15.285431,5.019851,943,gt2r,processed_ATL08_20181129100805_09430114_004_01.h5
1903937,1903943,48.767337799072266,-18.597959518432617,211.06725,27.62907,13.48082,6.117288,943,gt2r,processed_ATL08_20181129100805_09430114_004_01.h5
1903962,1903966,48.76688766479492,-18.593456268310547,287.13486,,34.680664,,943,gt2r,processed_ATL08_20181129100805_09430114_004_01.h5
1903967,1903971,48.76679611206055,-18.59255599975586,300.54703,,59.40619,,943,gt2r,processed_ATL08_20181129100805_09430114_004_01.h5
1904039,1904041,48.7655029296875,-18.57958984375,124.39453,2.262207,,,943,gt2r,processed_ATL08_20181129100805_09430114_004_01.h5
1904047,1904051,48.76535415649414,-18.578149795532227,126.261116,0.29683864,14.915878,0.43720108,943,gt2r,processed_ATL08_20181129100805_09430114_004_01.h5
1904052,1904056,48.7652587890625,-18.57724952697754,137.40761,,13.773727,,943,gt2r,processed_ATL08_20181129100805_09430114_004_01.h5
1904057,1904061,48.76516342163086,-18.57634925842285,132.66649,2.766902,24.635086,2.974601,943,gt2r,processed_ATL08_20181129100805_09430114_004_01.h5
1904062,1904066,48.765071868896484,-18.575448989868164,142.8896,28.91806,19.03366,4.928226,943,gt2r,processed_ATL08_20181129100805_09430114_004_01.h5
1904068,1904071,48.764976501464844,-18.574548721313477,154.13103,19.938702,14.922028,7.857454,943,gt2r,processed_ATL08_20181129100805_09430114_004_01.h5
1904072,1904076,48.7648811340332,-18.573650360107422,168.36378,13.902084,17.13205,7.5076385,943,gt2r,processed_ATL08_20181129100805_09430114_004_01.h5
1904077,1904081,48.76478958129883,-18.572750091552734,178.9242,9.757663,16.123108,6.0784297,943,gt2r,processed_ATL08_20181129100805_09430114_004_01.h5
1904082,1904086,48.76469802856445,-18.571849822998047,177.10825,10.866321,22.615372,4.9947057,943,gt2r,processed_ATL08_20181129100805_09430114_004_01.h5
1904087,1904091,48.76460647583008,-18.57094955444336,195.53687,,26.56099,,943,gt2r,processed_ATL08_20181129100805_09430114_004_01.h5
1904097,1904101,48.76441192626953,-18.569149017333984,254.83514,,26.904144,,943,gt2r,processed_ATL08_20181129100805_09430114_004_01.h5
1904102,1904106,48.76431655883789,-18.568248748779297,264.65582,,26.08319,,943,gt2r,processed_ATL08_20181129100805_09430114_004_01.h5
1904107,1904111,48.764225006103516,-18.56734848022461,282.42834,,21.735687,,943,gt2r,processed_ATL08_20181129100805_09430114_004_01.h5
1904112,1904116,48.76413345336914,-18.566448211669922,272.611,11.308398,14.913422,6.4854484,943,gt2r,processed_ATL08_20181129100805_09430114_004_01.h5
1904117,1904121,48.7640380859375,-18.565549850463867,276.2276,9.017704,10.179443,4.2466035,943,gt2r,processed_ATL08_20181129100805_09430114_004_01.h5
1899057,1899061,48.85805130004883,-19.476457595825195,52.85226,2.1852899,,,943,gt2l,processed_ATL08_20181129100805_09430114_004_01.h5
1899062,1899066,48.85796356201172,-19.475557327270508,54.103752,1.6927612,6.96463,1.9010538,943,gt2l,processed_ATL08_20181129100805_09430114_004_01.h5
1899067,1899071,48.85787582397461,-19.47465705871582,52.320873,,6.772484,,943,gt2l,processed_ATL08_20181129100805_09430114_004_01.h5
1899072,1899076,48.8577880859375,-19.473756790161133,50.084026,4.1415315,14.563568,4.205776,943,gt2l,processed_ATL08_20181129100805_09430114_004_01.h5
1899077,1899081,48.857696533203125,-19.472856521606445,53.181538,8.981187,17.413952,2.6101727,943,gt2l,processed_ATL08_20181129100805_09430114_004_01.h5
1899087,1899091,48.85751724243164,-19.47105598449707,60.05822,5.3374305,8.263874,3.5447738,943,gt2l,processed_ATL08_20181129100805_09430114_004_01.h5
1899092,1899096,48.85742950439453,-19.470155715942383,65.35885,7.1527133,9.623817,2.7386553,943,gt2l,processed_ATL08_20181129100805_09430114_004_01.h5
1899107,1899111,48.8571662902832,-19.467453002929688,58.849728,1.1331441,17.293114,1.656042,943,gt2l,processed_ATL08_20181129100805_09430114_004_01.h5
1899117,1899121,48.85699462890625,-19.465652465820312,64.30117,6.4791465,9.602371,4.1928434,943,gt2l,processed_ATL08_20181129100805_09430114_004_01.h5
1899122,1899126,48.856903076171875,-19.464752197265625,68.07224,2.2832797,8.931236,2.6580436,943,gt2l,processed_ATL08_20181129100805_09430114_004_01.h5
1899127,1899131,48.85681915283203,-19.463851928710938,73.34937,7.2497396,8.380852,6.0500703,943,gt2l,processed_ATL08_20181129100805_09430114_004_01.h5
1899132,1899136,48.85673141479492,-19.462949752807617,72.92745,8.032919,10.257324,5.196542,943,gt2l,processed_ATL08_20181129100805_09430114_004_01.h5
1899137,1899141,48.85664367675781,-19.46204948425293,72.708664,7.3515816,7.207222,5.695555,943,gt2l,processed_ATL08_20181129100805_09430114_004_01.h5
1899142,1899146,48.8565559387207,-19.461149215698242,71.406845,,10.482124,,943,gt2l,processed_ATL08_20181129100805_09430114_004_01.h5
1899147,1899151,48.85647201538086,-19.460248947143555,71.56949,3.9655962,8.500557,4.8487597,943,gt2l,processed_ATL08_20181129100805_09430114_004_01.h5
1899152,1899156,48.85637664794922,-19.459348678588867,70.94557,,10.257912,,943,gt2l,processed_ATL08_20181129100805_09430114_004_01.h5
1899157,1899161,48.85628890991211,-19.45844841003418,68.06963,5.3328276,9.314888,4.6836357,943,gt2l,processed_ATL08_20181129100805_09430114_004_01.h5
1899162,1899166,48.856204986572266,-19.457548141479492,57.74154,8.883761,12.68565,4.564027,943,gt2l,processed_ATL08_20181129100805_09430114_004_01.h5
1899167,1899171,48.85612106323242,-19.456645965576172,48.44305,3.054989,9.46822,3.5551937,943,gt2l,processed_ATL08_20181129100805_09430114_004_01.h5
1899172,1899176,48.85603332519531,-19.455745697021484,49.229855,,8.643063,,943,gt2l,processed_ATL08_20181129100805_09430114_004_01.h5
1899177,1899181,48.85593795776367,-19.454845428466797,43.573483,6.426921,11.41283,3.8769557,943,gt2l,processed_ATL08_20181129100805_09430114_004_01.h5
1899182,1899186,48.855857849121094,-19.45394515991211,24.263832,2.162292,11.487225,0.3739945,943,gt2l,processed_ATL08_20181129100805_09430114_004_01.h5
1899187,1899191,48.85577392578125,-19.453044891357422,21.83262,,23.391474,,943,gt2l,processed_ATL08_20181129100805_09430114_004_01.h5
1899192,1899196,48.85567855834961,-19.452144622802734,25.038315,,26.830597,,943,gt2l,processed_ATL08_20181129100805_09430114_004_01.h5
1899197,1899201,48.8555908203125,-19.451242446899414,13.514443,,14.069479,,943,gt2l,processed_ATL08_20181129100805_09430114_004_01.h5
1899202,1899206,48.85551071166992,-19.450342178344727,0.6118987,0.042663485,12.720516,0.47542378,943,gt2l,processed_ATL08_20181129100805_09430114_004_01.h5
1899207,1899211,48.85541915893555,-19.44944190979004,-2.204138,0.044716176,19.937675,0.23272185,943,gt2l,processed_ATL08_20181129100805_09430114_004_01.h5
1899212,1899216,48.85533142089844,-19.44854164123535,-4.237582,0.07842078,20.632305,0.24360804,943,gt2l,processed_ATL08_20181129100805_09430114_004_01.h5
1899217,1899221,48.85524368286133,-19.447641372680664,-4.1063356,0.053854972,,,943,gt2l,processed_ATL08_20181129100805_09430114_004_01.h5
1899222,1899226,48.85515213012695,-19.446741104125977,-5.0017443,0.10311619,16.320446,0.29721314,943,gt2l,processed_ATL08_20181129100805_09430114_004_01.h5
1899227,1899231,48.85506057739258,-19.44584083557129,-1.8730412,0.24823356,20.229858,0.61411315,943,gt2l,processed_ATL08_20181129100805_09430114_004_01.h5
1899232,1899236,48.85497283935547,-19.4449405670166,3.0230806,,14.042799,,943,gt2l,processed_ATL08_20181129100805_09430114_004_01.h5
1899237,1899241,48.85488510131836,-19.444040298461914,16.691633,0.70102483,8.322877,0.6966956,943,gt2l,processed_ATL08_20181129100805_09430114_004_01.h5
1899242,1899246,48.854793548583984,-19.443140029907227,24.211279,2.1332219,9.203804,1.597234,943,gt2l,processed_ATL08_20181129100805_09430114_004_01.h5
1899247,1899251,48.854705810546875,-19.44223976135254,31.605257,1.5911794,6.767828,1.2874683,943,gt2l,processed_ATL08_20181129100805_09430114_004_01.h5
1899252,1899256,48.854618072509766,-19.44133758544922,39.57673,2.5427992,4.7998314,3.0136905,943,gt2l,processed_ATL08_20181129100805_09430114_004_01.h5
1899257,1899261,48.85452651977539,-19.44043731689453,47.359356,7.7011228,9.435486,2.4242501,943,gt2l,processed_ATL08_20181129100805_09430114_004_01.h5
1899262,1899266,48.854434967041016,-19.439538955688477,47.46133,7.842481,9.348415,5.2082486,943,gt2l,processed_ATL08_20181129100805_09430114_004_01.h5
1899267,1899271,48.85435104370117,-19.438636779785156,43.331722,1.7776022,7.695038,2.0706937,943,gt2l,processed_ATL08_20181129100805_09430114_004_01.h5
1899272,1899276,48.85426330566406,-19.43773651123047,32.88275,0.73348343,10.910858,0.95841825,943,gt2l,processed_ATL08_20181129100805_09430114_004_01.h5
1899277,1899281,48.854164123535156,-19.43683624267578,32.10017,0.5272888,13.320257,0.73592603,943,gt2l,processed_ATL08_20181129100805_09430114_004_01.h5
1899282,1899286,48.85407257080078,-19.435935974121094,32.22821,,16.325087,,943,gt2l,processed_ATL08_20181129100805_09430114_004_01.h5
1899287,1899291,48.85398864746094,-19.435035705566406,32.266678,,18.011343,,943,gt2l,processed_ATL08_20181129100805_09430114_004_01.h5
1899292,1899296,48.85390090942383,-19.43413543701172,30.464386,2.6314719,22.295197,2.9903631,943,gt2l,processed_ATL08_20181129100805_09430114_004_01.h5
1899297,1899301,48.85380554199219,-19.43323516845703,49.42396,8.911773,15.942657,2.9501662,943,gt2l,processed_ATL08_20181129100805_09430114_004_01.h5
1899307,1899311,48.853633880615234,-19.431434631347656,35.559254,3.318873,17.64056,2.5902522,943,gt2l,processed_ATL08_20181129100805_09430114_004_01.h5
1899312,1899316,48.85354232788086,-19.43053436279297,43.23813,8.397543,16.992744,3.4295247,943,gt2l,processed_ATL08_20181129100805_09430114_004_01.h5
1899317,1899321,48.85344696044922,-19.42963409423828,54.270428,,12.569138,,943,gt2l,processed_ATL08_20181129100805_09430114_004_01.h5
1899322,1899326,48.853355407714844,-19.428733825683594,48.16014,5.4497156,16.553467,2.3418772,943,gt2l,processed_ATL08_20181129100805_09430114_004_01.h5
1899327,1899331,48.853267669677734,-19.427833557128906,48.53005,9.638497,10.733448,2.9792504,943,gt2l,processed_ATL08_20181129100805_09430114_004_01.h5
1899332,1899336,48.853172302246094,-19.42693328857422,49.846786,,16.495567,,943,gt2l,processed_ATL08_20181129100805_09430114_004_01.h5
1899337,1899341,48.853084564208984,-19.42603302001953,42.55322,,18.180832,,943,gt2l,processed_ATL08_20181129100805_09430114_004_01.h5
1899342,1899346,48.852996826171875,-19.425132751464844,17.654182,2.3546295,27.748146,2.5983677,943,gt2l,processed_ATL08_20181129100805_09430114_004_01.h5
1899347,1899351,48.8529052734375,-19.424232482910156,12.2323675,,21.300297,,943,gt2l,processed_ATL08_20181129100805_09430114_004_01.h5
1899352,1899356,48.852813720703125,-19.42333221435547,8.708144,,15.0879545,,943,gt2l,processed_ATL08_20181129100805_09430114_004_01.h5
1899357,1899361,48.85272216796875,-19.42243194580078,22.44879,0.23142299,18.928879,0.7181851,943,gt2l,processed_ATL08_20181129100805_09430114_004_01.h5
1899362,1899366,48.85262680053711,-19.421531677246094,35.518826,,16.430038,,943,gt2l,processed_ATL08_20181129100805_09430114_004_01.h5
1899367,1899371,48.85253143310547,-19.420631408691406,31.900301,8.093904,15.402769,2.3536165,943,gt2l,processed_ATL08_20181129100805_09430114_004_01.h5
1899372,1899376,48.85244369506836,-19.41973114013672,15.48333,1.3988513,20.715164,1.4229895,943,gt2l,processed_ATL08_20181129100805_09430114_004_01.h5
1899377,1899381,48.852352142333984,-19.41883087158203,22.808016,,27.163486,,943,gt2l,processed_ATL08_20181129100805_09430114_004_01.h5
1899382,1899386,48.852256774902344,-19.417932510375977,35.53237,,18.175209,,943,gt2l,processed_ATL08_20181129100805_09430114_004_01.h5
1899387,1899391,48.85216522216797,-19.41703224182129,37.053787,6.191145,8.84771,4.896898,943,gt2l,processed_ATL08_20181129100805_09430114_004_01.h5
1899392,1899396,48.85207748413086,-19.4161319732666,37.37554,,14.655117,,943,gt2l,processed_ATL08_20181129100805_09430114_004_01.h5
1899402,1899406,48.85188674926758,-19.414331436157227,21.03984,6.5154395,15.214081,6.4158254,943,gt2l,processed_ATL08_20181129100805_09430114_004_01.h5
1899407,1899411,48.85179138183594,-19.41343116760254,16.69228,0.7423666,11.877583,0.77121174,943,gt2l,processed_ATL08_20181129100805_09430114_004_01.h5
1899412,1899416,48.85169982910156,-19.41253089904785,16.44497,1.424592,10.601778,1.1816086,943,gt2l,processed_ATL08_20181129100805_09430114_004_01.h5
1899417,1899421,48.85160446166992,-19.411632537841797,24.381546,3.050826,9.305847,0.7508268,943,gt2l,processed_ATL08_20181129100805_09430114_004_01.h5
1899422,1899426,48.85150909423828,-19.41073226928711,20.606483,3.5692236,11.468637,1.7303869,943,gt2l,processed_ATL08_20181129100805_09430114_004_01.h5
1899427,1899431,48.851417541503906,-19.409832000732422,19.799753,,16.429125,,943,gt2l,processed_ATL08_20181129100805_09430114_004_01.h5
1899432,1899436,48.85132598876953,-19.408931732177734,17.674232,,15.6150055,,943,gt2l,processed_ATL08_20181129100805_09430114_004_01.h5
1899437,1899441,48.85123062133789,-19.408031463623047,16.950918,,16.917223,,943,gt2l,processed_ATL08_20181129100805_09430114_004_01.h5
1899442,1899446,48.851131439208984,-19.40713119506836,3.9410477,0.031562116,15.111631,0.23079315,943,gt2l,processed_ATL08_20181129100805_09430114_004_01.h5
1899447,1899451,48.851036071777344,-19.406232833862305,1.2166109,0.046089973,11.874113,0.34294966,943,gt2l,processed_ATL08_20181129100805_09430114_004_01.h5
1899452,1899456,48.8509407043457,-19.405332565307617,3.3325472,,11.070162,,943,gt2l,processed_ATL08_20181129100805_09430114_004_01.h5
1899457,1899461,48.85084915161133,-19.40443229675293,1.7230501,0.08159832,19.263985,0.45495117,943,gt2l,processed_ATL08_20181129100805_09430114_004_01.h5
1899462,1899466,48.85075378417969,-19.403532028198242,1.4648095,,18.803225,,943,gt2l,processed_ATL08_20181129100805_09430114_004_01.h5
1899467,1899471,48.85066223144531,-19.402631759643555,-0.62901086,0.013070921,14.496304,0.22630796,943,gt2l,processed_ATL08_20181129100805_09430114_004_01.h5
1899472,1899476,48.85056686401367,-19.4017333984375,-0.7862074,,24.40632,,943,gt2l,processed_ATL08_20181129100805_09430114_004_01.h5
1899477,1899481,48.85047149658203,-19.400833129882812,1.4066626,,18.322777,,943,gt2l,processed_ATL08_20181129100805_09430114_004_01.h5
1899482,1899486,48.850372314453125,-19.399932861328125,2.4135332,0.07346972,7.7562485,0.28347212,943,gt2l,processed_ATL08_20181129100805_09430114_004_01.h5
1899487,1899491,48.850276947021484,-19.399032592773438,2.4885528,0.023771567,7.449952,0.10139997,943,gt2l,processed_ATL08_20181129100805_09430114_004_01.h5
1899492,1899496,48.850181579589844,-19.398134231567383,2.642367,0.017353734,8.170924,0.056882966,943,gt2l,processed_ATL08_20181129100805_09430114_004_01.h5
1899497,1899501,48.8500862121582,-19.397233963012695,0.74405706,0.14986566,8.796341,0.09784822,943,gt2l,processed_ATL08_20181129100805_09430114_004_01.h5
1899502,1899506,48.84999084472656,-19.396333694458008,4.1741605,0.16001199,19.206154,0.5697583,943,gt2l,processed_ATL08_20181129100805_09430114_004_01.h5
1899507,1899511,48.84988784790039,-19.395435333251953,28.173464,,15.589073,,943,gt2l,processed_ATL08_20181129100805_09430114_004_01.h5
1899512,1899516,48.84979248046875,-19.394535064697266,27.358938,,25.553528,,943,gt2l,processed_ATL08_20181129100805_09430114_004_01.h5
1899517,1899521,48.84970474243164,-19.393634796142578,10.458139,0.88921374,21.238987,1.8959788,943,gt2l,processed_ATL08_20181129100805_09430114_004_01.h5
1899522,1899526,48.849605560302734,-19.39273452758789,10.961715,,17.563004,,943,gt2l,processed_ATL08_20181129100805_09430114_004_01.h5
1899527,1899531,48.84950637817383,-19.391836166381836,12.982059,,22.717932,,943,gt2l,processed_ATL08_20181129100805_09430114_004_01.h5
1899532,1899536,48.84941101074219,-19.39093589782715,7.5921803,0.20459218,15.413507,0.11298183,943,gt2l,processed_ATL08_20181129100805_09430114_004_01.h5
1899537,1899541,48.84931945800781,-19.39003562927246,18.108025,,16.961548,,943,gt2l,processed_ATL08_20181129100805_09430114_004_01.h5
1899542,1899546,48.849212646484375,-19.389137268066406,30.768452,3.0488966,14.747101,1.8103193,943,gt2l,processed_ATL08_20181129100805_09430114_004_01.h5
1899547,1899551,48.8491096496582,-19.38823699951172,44.891243,,14.639542,,943,gt2l,processed_ATL08_20181129100805_09430114_004_01.h5
1899552,1899556,48.84901809692383,-19.38733673095703,47.370304,11.539475,14.104641,2.972577,943,gt2l,processed_ATL08_20181129100805_09430114_004_01.h5
1899557,1899561,48.84892272949219,-19.386438369750977,23.087976,,22.524513,,943,gt2l,processed_ATL08_20181129100805_09430114_004_01.h5
1899562,1899566,48.84882354736328,-19.38553810119629,10.431668,1.4391026,15.100418,1.3265216,943,gt2l,processed_ATL08_20181129100805_09430114_004_01.h5
1899567,1899571,48.84872055053711,-19.384639739990234,11.707191,0.4959135,29.355846,1.0548317,943,gt2l,processed_ATL08_20181129100805_09430114_004_01.h5
1899572,1899576,48.8486213684082,-19.383739471435547,32.02622,,38.27953,,943,gt2l,processed_ATL08_20181129100805_09430114_004_01.h5
1899577,1899581,48.84852600097656,-19.38283920288086,32.93928,1.8158122,35.165054,2.830556,943,gt2l,processed_ATL08_20181129100805_09430114_004_01.h5
1899582,1899586,48.848426818847656,-19.381940841674805,25.053202,,26.374119,,943,gt2l,processed_ATL08_20181129100805_09430114_004_01.h5
1899587,1899591,48.848323822021484,-19.381040573120117,29.357307,3.7959018,20.78753,5.2289324,943,gt2l,processed_ATL08_20181129100805_09430114_004_01.h5
1899592,1899596,48.84822082519531,-19.380142211914062,37.676537,,22.887035,,943,gt2l,processed_ATL08_20181129100805_09430114_004_01.h5
1899597,1899601,48.84812545776367,-19.379241943359375,53.336548,0.36165822,11.843121,0.35956705,943,gt2l,processed_ATL08_20181129100805_09430114_004_01.h5
1899602,1899606,48.84803009033203,-19.37834358215332,60.386677,1.433981,8.140121,1.3459562,943,gt2l,processed_ATL08_20181129100805_09430114_004_01.h5
1899607,1899611,48.847930908203125,-19.377443313598633,65.6191,13.230336,10.213562,3.13162,943,gt2l,processed_ATL08_20181129100805_09430114_004_01.h5
1899612,1899616,48.84783172607422,-19.376543045043945,70.25565,5.913852,14.861809,2.6185448,943,gt2l,processed_ATL08_20181129100805_09430114_004_01.h5
1899617,1899621,48.84772872924805,-19.37564468383789,90.85232,12.74185,13.590103,6.430068,943,gt2l,processed_ATL08_20181129100805_09430114_004_01.h5
1899622,1899626,48.847633361816406,-19.374744415283203,104.01006,,15.1770935,,943,gt2l,processed_ATL08_20181129100805_09430114_004_01.h5
1899627,1899631,48.847530364990234,-19.37384605407715,113.91718,,14.008987,,943,gt2l,processed_ATL08_20181129100805_09430114_004_01.h5
1899632,1899636,48.84742736816406,-19.37294578552246,106.133995,,20.13379,,943,gt2l,processed_ATL08_20181129100805_09430114_004_01.h5
1899637,1899641,48.84733200073242,-19.372045516967773,98.03908,19.629011,17.635544,9.891912,943,gt2l,processed_ATL08_20181129100805_09430114_004_01.h5
1899642,1899646,48.84723663330078,-19.37114715576172,88.725426,,15.220177,,943,gt2l,processed_ATL08_20181129100805_09430114_004_01.h5
1899647,1899651,48.84713363647461,-19.37024688720703,51.695015,,22.662891,,943,gt2l,processed_ATL08_20181129100805_09430114_004_01.h5
1899652,1899656,48.8470344543457,-19.369348526000977,28.131834,4.4537544,21.685299,4.4786167,943,gt2l,processed_ATL08_20181129100805_09430114_004_01.h5
1899657,1899661,48.84693908691406,-19.36844825744629,21.867598,0.26097757,16.78092,0.48600763,943,gt2l,processed_ATL08_20181129100805_09430114_004_01.h5
1899662,1899666,48.846839904785156,-19.3675479888916,37.803726,,24.641788,,943,gt2l,processed_ATL08_20181129100805_09430114_004_01.h5
1899667,1899671,48.84673309326172,-19.366649627685547,51.348015,13.455799,25.296356,5.4164867,943,gt2l,processed_ATL08_20181129100805_09430114_004_01.h5
1899672,1899676,48.84663391113281,-19.365751266479492,55.201706,,16.59055,,943,gt2l,processed_ATL08_20181129100805_09430114_004_01.h5
1899677,1899681,48.84653854370117,-19.364850997924805,50.00791,,17.32491,,943,gt2l,processed_ATL08_20181129100805_09430114_004_01.h5
1899682,1899686,48.846439361572266,-19.363950729370117,44.421654,,10.814087,,943,gt2l,processed_ATL08_20181129100805_09430114_004_01.h5
1899687,1899691,48.84633255004883,-19.363052368164062,37.52516,,19.479038,,943,gt2l,processed_ATL08_20181129100805_09430114_004_01.h5
1899692,1899696,48.84623336791992,-19.362154006958008,41.189346,,26.267986,,943,gt2l,processed_ATL08_20181129100805_09430114_004_01.h5
1899697,1899701,48.84613800048828,-19.36125373840332,40.417362,3.420928,30.691498,3.5071905,943,gt2l,processed_ATL08_20181129100805_09430114_004_01.h5
1899702,1899706,48.84603500366211,-19.360353469848633,39.038776,,33.47138,,943,gt2l,processed_ATL08_20181129100805_09430114_004_01.h5
1899707,1899711,48.84593200683594,-19.359455108642578,39.588387,,27.40831,,943,gt2l,processed_ATL08_20181129100805_09430114_004_01.h5
1899712,1899716,48.84583282470703,-19.35855484008789,29.741117,4.473872,21.30552,3.03414,943,gt2l,processed_ATL08_20181129100805_09430114_004_01.h5
1899717,1899721,48.845733642578125,-19.357656478881836,24.021416,6.042506,17.556494,4.2558613,943,gt2l,processed_ATL08_20181129100805_09430114_004_01.h5
1899722,1899726,48.84562683105469,-19.35675811767578,18.660526,1.1474454,21.072403,1.3742863,943,gt2l,processed_ATL08_20181129100805_09430114_004_01.h5
1899727,1899731,48.84552764892578,-19.355857849121094,18.616379,0.3046705,28.437475,0.63838565,943,gt2l,processed_ATL08_20181129100805_09430114_004_01.h5
1899732,1899736,48.84542465209961,-19.35495948791504,24.986076,,31.559381,,943,gt2l,processed_ATL08_20181129100805_09430114_004_01.h5
1899737,1899741,48.84532928466797,-19.35405921936035,22.22469,0.6044185,21.27915,0.9536154,943,gt2l,processed_ATL08_20181129100805_09430114_004_01.h5
1899742,1899746,48.8452262878418,-19.353158950805664,20.41121,0.3559673,19.94144,0.5245632,943,gt2l,processed_ATL08_20181129100805_09430114_004_01.h5
1899747,1899751,48.84512710571289,-19.35226058959961,30.814466,6.370713,17.874237,2.128258,943,gt2l,processed_ATL08_20181129100805_09430114_004_01.h5
1899752,1899756,48.84502410888672,-19.351360321044922,33.12027,2.7373059,23.028393,2.3262124,943,gt2l,processed_ATL08_20181129100805_09430114_004_01.h5
1899757,1899761,48.84492492675781,-19.350461959838867,27.748032,1.0722824,24.442644,1.3882896,943,gt2l,processed_ATL08_20181129100805_09430114_004_01.h5
1899762,1899766,48.84482192993164,-19.34956169128418,28.014505,,23.992777,,943,gt2l,processed_ATL08_20181129100805_09430114_004_01.h5
1899767,1899771,48.844722747802734,-19.348663330078125,28.626167,0.6675124,17.68529,0.9609598,943,gt2l,processed_ATL08_20181129100805_09430114_004_01.h5
1899777,1899781,48.844520568847656,-19.346864700317383,38.13921,,18.77483,,943,gt2l,processed_ATL08_20181129100805_09430114_004_01.h5
1899782,1899786,48.844425201416016,-19.345964431762695,42.67616,,10.692482,,943,gt2l,processed_ATL08_20181129100805_09430114_004_01.h5
1899787,1899791,48.84432601928711,-19.34506607055664,42.510666,,16.562561,,943,gt2l,processed_ATL08_20181129100805_09430114_004_01.h5
1899792,1899796,48.84422302246094,-19.344165802001953,41.101692,,17.69336,,943,gt2l,processed_ATL08_20181129100805_09430114_004_01.h5
1899797,1899801,48.844120025634766,-19.3432674407959,34.40239,0.7449066,15.208752,1.1254423,943,gt2l,processed_ATL08_20181129100805_09430114_004_01.h5
1899802,1899806,48.844024658203125,-19.34236717224121,31.684082,,17.605843,,943,gt2l,processed_ATL08_20181129100805_09430114_004_01.h5
1899807,1899811,48.84392166137695,-19.341468811035156,31.80623,0.90305924,10.702162,0.6288388,943,gt2l,processed_ATL08_20181129100805_09430114_004_01.h5
1899812,1899816,48.84381866455078,-19.34056854248047,38.228344,,13.521427,,943,gt2l,processed_ATL08_20181129100805_09430114_004_01.h5
1899817,1899821,48.843719482421875,-19.339670181274414,36.923977,6.127949,11.606606,3.491272,943,gt2l,processed_ATL08_20181129100805_09430114_004_01.h5
1899822,1899826,48.843624114990234,-19.338769912719727,33.042877,0.40329444,9.99892,0.51652,943,gt2l,processed_ATL08_20181129100805_09430114_004_01.h5
1899827,1899831,48.84352111816406,-19.33786964416504,33.204517,0.44715303,16.649353,0.63561785,943,gt2l,processed_ATL08_20181129100805_09430114_004_01.h5
1899832,1899836,48.84341812133789,-19.336971282958984,41.386307,,12.413349,,943,gt2l,processed_ATL08_20181129100805_09430114_004_01.h5
1899837,1899841,48.843318939208984,-19.336071014404297,39.57837,,10.329124,,943,gt2l,processed_ATL08_20181129100805_09430114_004_01.h5
1899842,1899846,48.843223571777344,-19.335172653198242,33.02294,8.294598,12.728481,2.5144598,943,gt2l,processed_ATL08_20181129100805_09430114_004_01.h5
1899847,1899851,48.84312438964844,-19.334272384643555,31.095715,1.3491343,12.769878,1.4442632,943,gt2l,processed_ATL08_20181129100805_09430114_004_01.h5
1899852,1899856,48.84302520751953,-19.3333740234375,30.255026,0.552988,8.449562,0.87901366,943,gt2l,processed_ATL08_20181129100805_09430114_004_01.h5
1899857,1899861,48.842926025390625,-19.332473754882812,28.004707,,15.523483,,943,gt2l,processed_ATL08_20181129100805_09430114_004_01.h5
1899862,1899866,48.842830657958984,-19.331573486328125,26.621325,0.23340662,14.810875,0.37718996,943,gt2l,processed_ATL08_20181129100805_09430114_004_01.h5
1899867,1899871,48.84272766113281,-19.33067512512207,27.551786,,11.986485,,943,gt2l,processed_ATL08_20181129100805_09430114_004_01.h5
1899872,1899876,48.842628479003906,-19.329774856567383,27.069946,3.2862833,9.675966,2.7491288,943,gt2l,processed_ATL08_20181129100805_09430114_004_01.h5
1899877,1899881,48.842529296875,-19.328876495361328,23.44351,5.8125,12.996283,1.6488042,943,gt2l,processed_ATL08_20181129100805_09430114_004_01.h5
1899882,1899886,48.84243392944336,-19.32797622680664,25.245905,0.9174536,7.3680077,0.7953102,943,gt2l,processed_ATL08_20181129100805_09430114_004_01.h5
1899887,1899891,48.84233474731445,-19.327075958251953,26.567461,,17.608187,,943,gt2l,processed_ATL08_20181129100805_09430114_004_01.h5
1899892,1899896,48.84223556518555,-19.3261775970459,26.23154,1.5756938,16.819,1.9101926,943,gt2l,processed_ATL08_20181129100805_09430114_004_01.h5
1899897,1899901,48.842140197753906,-19.32527732849121,25.08896,0.6969441,13.015892,1.0793923,943,gt2l,processed_ATL08_20181129100805_09430114_004_01.h5
1899902,1899906,48.842041015625,-19.324377059936523,30.697206,,12.760757,,943,gt2l,processed_ATL08_20181129100805_09430114_004_01.h5
1899907,1899911,48.841941833496094,-19.32347869873047,25.936127,2.906737,21.285114,1.3374809,943,gt2l,processed_ATL08_20181129100805_09430114_004_01.h5
1899912,1899916,48.84184646606445,-19.32257843017578,21.793964,0.35760418,23.050982,0.72270113,943,gt2l,processed_ATL08_20181129100805_09430114_004_01.h5
1899917,1899921,48.84174728393555,-19.321678161621094,22.71563,0.633884,21.907848,0.69907254,943,gt2l,processed_ATL08_20181129100805_09430114_004_01.h5
1899922,1899926,48.84164810180664,-19.32077980041504,21.562977,0.5685273,19.68775,0.87192124,943,gt2l,processed_ATL08_20181129100805_09430114_004_01.h5
1899927,1899931,48.841552734375,-19.31987953186035,27.067759,,21.042809,,943,gt2l,processed_ATL08_20181129100805_09430114_004_01.h5
1899932,1899936,48.841453552246094,-19.318979263305664,23.462439,,14.346083,,943,gt2l,processed_ATL08_20181129100805_09430114_004_01.h5
1899937,1899941,48.84135437011719,-19.31808090209961,20.103802,0.52071255,14.9905205,0.87295645,943,gt2l,processed_ATL08_20181129100805_09430114_004_01.h5
1899942,1899946,48.84125518798828,-19.317180633544922,20.39311,0.08876367,,,943,gt2l,processed_ATL08_20181129100805_09430114_004_01.h5
1899947,1899951,48.841163635253906,-19.316280364990234,21.96169,3.9898517,23.039537,2.239817,943,gt2l,processed_ATL08_20181129100805_09430114_004_01.h5
1899952,1899956,48.841068267822266,-19.31538200378418,25.70802,,22.43104,,943,gt2l,processed_ATL08_20181129100805_09430114_004_01.h5
1899957,1899961,48.84096908569336,-19.314481735229492,23.09693,0.52542174,19.65275,0.9544947,943,gt2l,processed_ATL08_20181129100805_09430114_004_01.h5
1899962,1899966,48.84087371826172,-19.313581466674805,25.538649,3.9610682,20.702051,1.5180967,943,gt2l,processed_ATL08_20181129100805_09430114_004_01.h5
1899967,1899971,48.84077835083008,-19.31268310546875,25.847313,0.58845705,18.49311,0.9356761,943,gt2l,processed_ATL08_20181129100805_09430114_004_01.h5
1899972,1899976,48.84068298339844,-19.311782836914062,24.405268,1.2243624,19.028788,0.8957771,943,gt2l,processed_ATL08_20181129100805_09430114_004_01.h5
1899977,1899981,48.84059143066406,-19.310882568359375,25.745409,0.9019756,27.173578,1.2257359,943,gt2l,processed_ATL08_20181129100805_09430114_004_01.h5
1899982,1899986,48.840492248535156,-19.309982299804688,22.111603,,26.953545,,943,gt2l,processed_ATL08_20181129100805_09430114_004_01.h5
1899987,1899991,48.84039306640625,-19.309083938598633,10.808168,2.1167605,14.373657,2.5360906,943,gt2l,processed_ATL08_20181129100805_09430114_004_01.h5
1899992,1899996,48.840293884277344,-19.308183670043945,7.871505,0.51842296,18.519138,1.0427595,943,gt2l,processed_ATL08_20181129100805_09430114_004_01.h5
1899997,1900001,48.84020233154297,-19.307283401489258,10.175166,,18.546345,,943,gt2l,processed_ATL08_20181129100805_09430114_004_01.h5
1900002,1900006,48.840110778808594,-19.30638313293457,5.378172,0.19013728,14.528318,0.39139766,943,gt2l,processed_ATL08_20181129100805_09430114_004_01.h5
1900007,1900011,48.84001159667969,-19.305482864379883,0.29766393,0.10757452,7.833776,0.0888803,943,gt2l,processed_ATL08_20181129100805_09430114_004_01.h5
1900012,1900016,48.83992004394531,-19.304584503173828,5.063495,0.01864719,11.927519,0.05102442,943,gt2l,processed_ATL08_20181129100805_09430114_004_01.h5
1900022,1900026,48.83972930908203,-19.302783966064453,30.988626,6.277626,13.565435,0.9156414,943,gt2l,processed_ATL08_20181129100805_09430114_004_01.h5
1900027,1900031,48.83963394165039,-19.301883697509766,37.090263,9.138599,28.045792,4.2829127,943,gt2l,processed_ATL08_20181129100805_09430114_004_01.h5
1900032,1900036,48.83953857421875,-19.300983428955078,31.114273,,26.69381,,943,gt2l,processed_ATL08_20181129100805_09430114_004_01.h5
1900037,1900041,48.83944320678711,-19.300085067749023,9.939455,0.110242695,22.383848,0.35846433,943,gt2l,processed_ATL08_20181129100805_09430114_004_01.h5
1900042,1900045,48.83934783935547,-19.299184799194336,7.8760123,0.30124417,31.195608,1.1473386,943,gt2l,processed_ATL08_20181129100805_09430114_004_01.h5
1900052,1900056,48.839168548583984,-19.29738426208496,5.5592494,0.039806746,,,943,gt2l,processed_ATL08_20181129100805_09430114_004_01.h5
1900057,1900061,48.839073181152344,-19.296483993530273,4.5673428,0.5919166,14.675409,1.0670923,943,gt2l,processed_ATL08_20181129100805_09430114_004_01.h5
1900062,1900066,48.8389778137207,-19.295583724975586,2.944024,0.32997638,15.446616,0.53806174,943,gt2l,processed_ATL08_20181129100805_09430114_004_01.h5
1900072,1900076,48.83879089355469,-19.293785095214844,2.8110619,,13.589153,,943,gt2l,processed_ATL08_20181129100805_09430114_004_01.h5
1900077,1900081,48.83869552612305,-19.292884826660156,0.6757708,0.24326064,11.187578,0.43912384,943,gt2l,processed_ATL08_20181129100805_09430114_004_01.h5
1900082,1900086,48.83860397338867,-19.29198455810547,2.6096227,0.018794876,,,943,gt2l,processed_ATL08_20181129100805_09430114_004_01.h5
1900092,1900096,48.838417053222656,-19.290184020996094,7.6154966,,34.246307,,943,gt2l,processed_ATL08_20181129100805_09430114_004_01.h5
1900102,1900106,48.83823776245117,-19.28838348388672,5.248674,0.09357916,5.926238,0.20299475,943,gt2l,processed_ATL08_20181129100805_09430114_004_01.h5
1900107,1900111,48.8381462097168,-19.28748321533203,5.8582525,0.23050402,18.06613,0.6543936,943,gt2l,processed_ATL08_20181129100805_09430114_004_01.h5
1900112,1900116,48.83804702758789,-19.286582946777344,17.07681,,17.600418,,943,gt2l,processed_ATL08_20181129100805_09430114_004_01.h5
1900117,1900121,48.837955474853516,-19.285682678222656,19.814798,3.9630108,14.216713,1.5338125,943,gt2l,processed_ATL08_20181129100805_09430114_004_01.h5
1900122,1900126,48.837867736816406,-19.28478240966797,18.065666,,10.458822,,943,gt2l,processed_ATL08_20181129100805_09430114_004_01.h5
1900127,1900131,48.837772369384766,-19.28388214111328,15.213871,2.117428,10.437813,1.3742878,943,gt2l,processed_ATL08_20181129100805_09430114_004_01.h5
1900132,1900136,48.83768081665039,-19.282983779907227,8.342665,0.52707684,13.818545,0.7167353,943,gt2l,processed_ATL08_20181129100805_09430114_004_01.h5
1900137,1900141,48.83759307861328,-19.282081604003906,5.573866,0.037078053,9.738682,0.09488178,943,gt2l,processed_ATL08_20181129100805_09430114_004_01.h5
1900142,1900146,48.83750534057617,-19.28118133544922,6.100641,,19.451542,,943,gt2l,processed_ATL08_20181129100805_09430114_004_01.h5
1900147,1900151,48.8374137878418,-19.28028106689453,5.3432064,0.37105846,22.174032,0.93519753,943,gt2l,processed_ATL08_20181129100805_09430114_004_01.h5
1900152,1900156,48.83732223510742,-19.279380798339844,5.743866,0.7399763,31.31566,1.3863771,943,gt2l,processed_ATL08_20181129100805_09430114_004_01.h5
1900157,1900161,48.83723068237305,-19.278480529785156,5.887558,,25.493664,,943,gt2l,processed_ATL08_20181129100805_09430114_004_01.h5
1900162,1900166,48.83713912963867,-19.27758026123047,3.1219115,0.6088369,17.782524,0.74459255,943,gt2l,processed_ATL08_20181129100805_09430114_004_01.h5
1900167,1900171,48.83705139160156,-19.27667999267578,6.4181185,0.039159782,10.620012,0.10459224,943,gt2l,processed_ATL08_20181129100805_09430114_004_01.h5
1900172,1900176,48.83696365356445,-19.275779724121094,7.044375,0.17961654,17.380219,0.4240471,943,gt2l,processed_ATL08_20181129100805_09430114_004_01.h5
1900177,1900181,48.83686828613281,-19.274879455566406,7.8277946,1.8191795,23.4223,1.65464,943,gt2l,processed_ATL08_20181129100805_09430114_004_01.h5
1900182,1900186,48.83677673339844,-19.27397918701172,16.159714,,27.827042,,943,gt2l,processed_ATL08_20181129100805_09430114_004_01.h5
1900187,1900191,48.83668899536133,-19.27307891845703,11.727436,,29.533112,,943,gt2l,processed_ATL08_20181129100805_09430114_004_01.h5
1900192,1900196,48.83659744262695,-19.272178649902344,10.697514,1.1043317,29.888214,2.503213,943,gt2l,processed_ATL08_20181129100805_09430114_004_01.h5
1900197,1900201,48.836509704589844,-19.271278381347656,12.913336,,29.175938,,943,gt2l,processed_ATL08_20181129100805_09430114_004_01.h5
1900202,1900206,48.83641815185547,-19.27037811279297,6.6781235,0.045200177,28.174425,0.21552692,943,gt2l,processed_ATL08_20181129100805_09430114_004_01.h5
1900207,1900211,48.836334228515625,-19.26947784423828,5.4164267,0.15909383,11.104938,0.3420774,943,gt2l,processed_ATL08_20181129100805_09430114_004_01.h5
1900212,1900216,48.836246490478516,-19.268577575683594,7.410345,0.7793534,27.379454,1.9402169,943,gt2l,processed_ATL08_20181129100805_09430114_004_01.h5
1900217,1900221,48.836151123046875,-19.267677307128906,21.595865,,25.313572,,943,gt2l,processed_ATL08_20181129100805_09430114_004_01.h5
1900222,1900226,48.8360595703125,-19.26677703857422,10.03083,1.480914,21.677252,1.2712932,943,gt2l,processed_ATL08_20181129100805_09430114_004_01.h5
1900227,1900231,48.835975646972656,-19.2658748626709,-0.0994885,0.10321742,16.372473,0.26508483,943,gt2l,processed_ATL08_20181129100805_09430114_004_01.h5
1900232,1900236,48.83588790893555,-19.26497459411621,0.2763612,0.01328471,13.643636,0.15672408,943,gt2l,processed_ATL08_20181129100805_09430114_004_01.h5
1900237,1900241,48.83580017089844,-19.264074325561523,6.1083093,0.10142744,18.752768,0.32358834,943,gt2l,processed_ATL08_20181129100805_09430114_004_01.h5
1900242,1900246,48.83570861816406,-19.263174057006836,7.3536525,0.18111472,19.986847,0.68791384,943,gt2l,processed_ATL08_20181129100805_09430114_004_01.h5
1900247,1900251,48.83562088012695,-19.26227378845215,8.701365,3.1074536,17.890862,1.5357773,943,gt2l,processed_ATL08_20181129100805_09430114_004_01.h5
1900252,1900256,48.835533142089844,-19.26137351989746,17.268091,,14.23387,,943,gt2l,processed_ATL08_20181129100805_09430114_004_01.h5
1900257,1900261,48.83544158935547,-19.260473251342773,22.443672,2.404358,20.418621,2.570066,943,gt2l,processed_ATL08_20181129100805_09430114_004_01.h5
1900262,1900266,48.835350036621094,-19.259572982788086,48.060658,,20.784657,,943,gt2l,processed_ATL08_20181129100805_09430114_004_01.h5
1900267,1900271,48.835262298583984,-19.2586727142334,57.854454,,19.404037,,943,gt2l,processed_ATL08_20181129100805_09430114_004_01.h5
1900272,1900276,48.835174560546875,-19.25777244567871,75.37548,15.241394,17.65355,7.0172224,943,gt2l,processed_ATL08_20181129100805_09430114_004_01.h5
1900277,1900281,48.835086822509766,-19.256872177124023,80.45747,,15.270447,,943,gt2l,processed_ATL08_20181129100805_09430114_004_01.h5
1900282,1900286,48.83499526977539,-19.255971908569336,80.8201,10.08452,15.817871,8.949745,943,gt2l,processed_ATL08_20181129100805_09430114_004_01.h5
1900287,1900291,48.83490753173828,-19.255069732666016,79.92245,20.104366,22.244865,9.8202505,943,gt2l,processed_ATL08_20181129100805_09430114_004_01.h5
1900292,1900296,48.83481979370117,-19.254169464111328,84.11887,,20.578934,,943,gt2l,processed_ATL08_20181129100805_09430114_004_01.h5
1900302,1900306,48.83463668823242,-19.252368927001953,104.6339,,38.999832,,943,gt2l,processed_ATL08_20181129100805_09430114_004_01.h5
1900307,1900311,48.83454895019531,-19.251468658447266,107.64795,,39.477737,,943,gt2l,processed_ATL08_20181129100805_09430114_004_01.h5
1900312,1900316,48.8344612121582,-19.250568389892578,95.120674,15.908752,37.679924,10.731253,943,gt2l,processed_ATL08_20181129100805_09430114_004_01.h5
1900317,1900321,48.83437728881836,-19.24966812133789,96.29967,,23.394707,,943,gt2l,processed_ATL08_20181129100805_09430114_004_01.h5
1900322,1900326,48.834285736083984,-19.248767852783203,117.39955,7.612009,22.791428,7.767814,943,gt2l,processed_ATL08_20181129100805_09430114_004_01.h5
1900327,1900331,48.834197998046875,-19.247867584228516,136.90076,,28.19809,,943,gt2l,processed_ATL08_20181129100805_09430114_004_01.h5
1900332,1900336,48.83411407470703,-19.246965408325195,126.254715,4.264716,23.595154,5.0039773,943,gt2l,processed_ATL08_20181129100805_09430114_004_01.h5
1900337,1900341,48.83403015136719,-19.246065139770508,121.744835,24.346867,13.534752,6.9128146,943,gt2l,processed_ATL08_20181129100805_09430114_004_01.h5
1900342,1900346,48.83393859863281,-19.24516487121582,122.981926,,22.959,,943,gt2l,processed_ATL08_20181129100805_09430114_004_01.h5
1900347,1900351,48.83384704589844,-19.244264602661133,124.375534,,23.73552,,943,gt2l,processed_ATL08_20181129100805_09430114_004_01.h5
1900352,1900356,48.83375930786133,-19.243364334106445,129.41782,15.948259,18.834015,13.892972,943,gt2l,processed_ATL08_20181129100805_09430114_004_01.h5
1900357,1900361,48.83366775512695,-19.242464065551758,140.19856,,23.09076,,943,gt2l,processed_ATL08_20181129100805_09430114_004_01.h5
1900362,1900366,48.83357620239258,-19.24156379699707,147.49748,,29.740173,,943,gt2l,processed_ATL08_20181129100805_09430114_004_01.h5
1900367,1900371,48.833492279052734,-19.240663528442383,139.99849,,29.60785,,943,gt2l,processed_ATL08_20181129100805_09430114_004_01.h5
1900372,1900376,48.833404541015625,-19.239761352539062,130.1161,14.391987,23.83049,16.761936,943,gt2l,processed_ATL08_20181129100805_09430114_004_01.h5
1900377,1900381,48.833316802978516,-19.238861083984375,118.86238,1.0381609,19.35971,1.4483402,943,gt2l,processed_ATL08_20181129100805_09430114_004_01.h5
1900382,1900386,48.833229064941406,-19.237960815429688,111.285805,3.8213122,28.211761,4.519597,943,gt2l,processed_ATL08_20181129100805_09430114_004_01.h5
1900387,1900391,48.83313751220703,-19.237060546875,117.10193,,28.2557,,943,gt2l,processed_ATL08_20181129100805_09430114_004_01.h5
1900392,1900396,48.83304977416992,-19.236160278320312,115.02374,3.2052603,22.407822,3.5393467,943,gt2l,processed_ATL08_20181129100805_09430114_004_01.h5
1900397,1900401,48.83296203613281,-19.235260009765625,120.016884,,26.279343,,943,gt2l,processed_ATL08_20181129100805_09430114_004_01.h5
1900402,1900406,48.8328742980957,-19.234359741210938,117.74048,10.663511,25.42823,6.3094387,943,gt2l,processed_ATL08_20181129100805_09430114_004_01.h5
1900407,1900411,48.83278274536133,-19.23345947265625,112.257416,1.1246918,6.750717,1.0677669,943,gt2l,processed_ATL08_20181129100805_09430114_004_01.h5
1900412,1900416,48.832698822021484,-19.23255729675293,112.77034,0.88901794,5.051384,0.7368021,943,gt2l,processed_ATL08_20181129100805_09430114_004_01.h5
1900417,1900421,48.832611083984375,-19.231657028198242,114.850395,0.5632271,6.635292,0.6771405,943,gt2l,processed_ATL08_20181129100805_09430114_004_01.h5
1900422,1900426,48.832523345947266,-19.230756759643555,113.94714,0.56433564,5.6464386,0.5732086,943,gt2l,processed_ATL08_20181129100805_09430114_004_01.h5
1900427,1900431,48.832435607910156,-19.229856491088867,114.10249,0.70437837,7.9114075,0.87910044,943,gt2l,processed_ATL08_20181129100805_09430114_004_01.h5
1900432,1900436,48.83234405517578,-19.22895622253418,114.34088,0.51036626,7.7242813,0.558642,943,gt2l,processed_ATL08_20181129100805_09430114_004_01.h5
1900437,1900441,48.83225631713867,-19.228055953979492,116.40708,0.90211713,18.323196,1.2209479,943,gt2l,processed_ATL08_20181129100805_09430114_004_01.h5
1900442,1900446,48.8321647644043,-19.227155685424805,129.68999,,23.073036,,943,gt2l,processed_ATL08_20181129100805_09430114_004_01.h5
1900452,1900456,48.83198547363281,-19.22535514831543,142.33368,10.173038,22.598068,10.316711,943,gt2l,processed_ATL08_20181129100805_09430114_004_01.h5
1900457,1900461,48.8318977355957,-19.22445297241211,146.27376,,28.346909,,943,gt2l,processed_ATL08_20181129100805_09430114_004_01.h5
1900462,1900466,48.83180618286133,-19.223552703857422,164.75302,,36.046814,,943,gt2l,processed_ATL08_20181129100805_09430114_004_01.h5
1900467,1900471,48.83171081542969,-19.222654342651367,183.15189,,46.97641,,943,gt2l,processed_ATL08_20181129100805_09430114_004_01.h5
1900472,1900476,48.83162307739258,-19.221752166748047,178.01921,,38.47145,,943,gt2l,processed_ATL08_20181129100805_09430114_004_01.h5
1900477,1900481,48.83153533935547,-19.22085189819336,174.8937,,34.345963,,943,gt2l,processed_ATL08_20181129100805_09430114_004_01.h5
1900482,1900486,48.831443786621094,-19.219951629638672,177.38103,,42.16574,,943,gt2l,processed_ATL08_20181129100805_09430114_004_01.h5
1900487,1900491,48.831356048583984,-19.219051361083984,185.08812,46.295174,28.979599,23.436323,943,gt2l,processed_ATL08_20181129100805_09430114_004_01.h5
1900492,1900496,48.831268310546875,-19.218151092529297,187.95149,,44.064972,,943,gt2l,processed_ATL08_20181129100805_09430114_004_01.h5
1900497,1900501,48.83118438720703,-19.21725082397461,196.20021,,42.88475,,943,gt2l,processed_ATL08_20181129100805_09430114_004_01.h5
1900502,1900506,48.83108901977539,-19.216350555419922,210.88501,23.148706,37.188675,17.889057,943,gt2l,processed_ATL08_20181129100805_09430114_004_01.h5
1900507,1900511,48.830997467041016,-19.215450286865234,237.75508,,31.715546,,943,gt2l,processed_ATL08_20181129100805_09430114_004_01.h5
1900512,1900516,48.83091354370117,-19.214550018310547,241.60455,17.111538,19.03157,18.510986,943,gt2l,processed_ATL08_20181129100805_09430114_004_01.h5
1900517,1900521,48.83082580566406,-19.21364974975586,238.92258,1.3579537,7.0151215,1.8638347,943,gt2l,processed_ATL08_20181129100805_09430114_004_01.h5
1900522,1900526,48.83073425292969,-19.212749481201172,236.93565,3.388055,14.710144,2.4795573,943,gt2l,processed_ATL08_20181129100805_09430114_004_01.h5
1900527,1900531,48.83064270019531,-19.211849212646484,237.89084,11.929758,18.980042,8.69528,943,gt2l,processed_ATL08_20181129100805_09430114_004_01.h5
1900532,1900536,48.83055114746094,-19.210948944091797,240.00743,5.6919336,13.290939,7.2141623,943,gt2l,processed_ATL08_20181129100805_09430114_004_01.h5
1900537,1900541,48.83045959472656,-19.21004867553711,242.00111,2.6885066,15.104523,3.7396991,943,gt2l,processed_ATL08_20181129100805_09430114_004_01.h5
1900542,1900546,48.83036422729492,-19.209148406982422,261.71664,42.774826,21.063477,31.720085,943,gt2l,processed_ATL08_20181129100805_09430114_004_01.h5
1900547,1900551,48.83027267456055,-19.208248138427734,275.0818,,25.888763,,943,gt2l,processed_ATL08_20181129100805_09430114_004_01.h5
1900552,1900556,48.83018493652344,-19.207347869873047,281.28256,,20.950806,,943,gt2l,processed_ATL08_20181129100805_09430114_004_01.h5
1900557,1900561,48.83009338378906,-19.20644760131836,279.62866,,19.350586,,943,gt2l,processed_ATL08_20181129100805_09430114_004_01.h5
1900562,1900566,48.83000183105469,-19.205547332763672,285.61398,47.417343,23.324005,27.927784,943,gt2l,processed_ATL08_20181129100805_09430114_004_01.h5
1900567,1900571,48.82991027832031,-19.204647064208984,295.01196,,,,943,gt2l,processed_ATL08_20181129100805_09430114_004_01.h5
1900572,1900576,48.82981491088867,-19.203746795654297,315.98718,,29.351929,,943,gt2l,processed_ATL08_20181129100805_09430114_004_01.h5
1900577,1900581,48.8297233581543,-19.20284652709961,344.62378,,20.638245,,943,gt2l,processed_ATL08_20181129100805_09430114_004_01.h5
1900582,1900586,48.82963180541992,-19.201946258544922,352.6189,,18.496735,,943,gt2l,processed_ATL08_20181129100805_09430114_004_01.h5
1900587,1900591,48.82954406738281,-19.201045989990234,334.17755,,20.943848,,943,gt2l,processed_ATL08_20181129100805_09430114_004_01.h5
1900592,1900596,48.82944869995117,-19.200145721435547,309.55194,18.209297,21.95517,17.344685,943,gt2l,processed_ATL08_20181129100805_09430114_004_01.h5
1900597,1900601,48.8293571472168,-19.19924545288086,307.4212,1.7376163,10.255951,2.3049648,943,gt2l,processed_ATL08_20181129100805_09430114_004_01.h5
1900602,1900606,48.82926940917969,-19.198345184326172,308.69464,10.290614,15.985901,8.087885,943,gt2l,processed_ATL08_20181129100805_09430114_004_01.h5
1900607,1900611,48.82917404174805,-19.197444915771484,316.93634,52.92532,19.67923,19.177902,943,gt2l,processed_ATL08_20181129100805_09430114_004_01.h5
1900612,1900616,48.829078674316406,-19.196544647216797,335.51474,,26.79187,,943,gt2l,processed_ATL08_20181129100805_09430114_004_01.h5
1900617,1900621,48.828983306884766,-19.195646286010742,362.7979,,39.648376,,943,gt2l,processed_ATL08_20181129100805_09430114_004_01.h5
1900622,1900626,48.82889175415039,-19.194746017456055,363.2251,,46.950012,,943,gt2l,processed_ATL08_20181129100805_09430114_004_01.h5
1900637,1900641,48.82862091064453,-19.192045211791992,311.51627,,21.275696,,943,gt2l,processed_ATL08_20181129100805_09430114_004_01.h5
1900642,1900646,48.82852554321289,-19.191144943237305,294.5393,,21.994537,,943,gt2l,processed_ATL08_20181129100805_09430114_004_01.h5
1900652,1900656,48.828338623046875,-19.18934440612793,260.28867,11.360682,22.453613,14.233245,943,gt2l,processed_ATL08_20181129100805_09430114_004_01.h5
1900657,1900661,48.828243255615234,-19.188444137573242,281.04596,,16.336243,,943,gt2l,processed_ATL08_20181129100805_09430114_004_01.h5
1900662,1900666,48.82815170288086,-19.187543869018555,298.96838,,22.727722,,943,gt2l,processed_ATL08_20181129100805_09430114_004_01.h5
1900667,1900671,48.82805252075195,-19.1866455078125,308.4363,,26.072693,,943,gt2l,processed_ATL08_20181129100805_09430114_004_01.h5
1900677,1900681,48.82786178588867,-19.184844970703125,307.84677,,18.857544,,943,gt2l,processed_ATL08_20181129100805_09430114_004_01.h5
1900682,1900686,48.82776641845703,-19.183944702148438,320.29007,106.82168,14.1604,30.827229,943,gt2l,processed_ATL08_20181129100805_09430114_004_01.h5
1900687,1900691,48.827674865722656,-19.18304443359375,322.6609,8.930681,16.961975,9.708843,943,gt2l,processed_ATL08_20181129100805_09430114_004_01.h5
1900692,1900696,48.827579498291016,-19.182146072387695,320.25366,12.32232,18.871124,13.699661,943,gt2l,processed_ATL08_20181129100805_09430114_004_01.h5
1900702,1900706,48.82738494873047,-19.18034553527832,336.09247,,23.850433,,943,gt2l,processed_ATL08_20181129100805_09430114_004_01.h5
1900707,1900711,48.82728958129883,-19.179445266723633,334.9433,,23.07135,,943,gt2l,processed_ATL08_20181129100805_09430114_004_01.h5
1900712,1900716,48.82719421386719,-19.178546905517578,334.151,,33.4534,,943,gt2l,processed_ATL08_20181129100805_09430114_004_01.h5
1900717,1900721,48.82709884643555,-19.17764663696289,326.163,46.727745,24.23996,43.42201,943,gt2l,processed_ATL08_20181129100805_09430114_004_01.h5
1900722,1900726,48.827003479003906,-19.176746368408203,328.6132,65.58057,22.34549,34.224224,943,gt2l,processed_ATL08_20181129100805_09430114_004_01.h5
1900727,1900731,48.826904296875,-19.17584800720215,340.54395,,38.299805,,943,gt2l,processed_ATL08_20181129100805_09430114_004_01.h5
1900732,1900736,48.826805114746094,-19.17494773864746,340.32016,,37.66107,,943,gt2l,processed_ATL08_20181129100805_09430114_004_01.h5
1900737,1900741,48.82670974731445,-19.174047470092773,328.40915,,23.618927,,943,gt2l,processed_ATL08_20181129100805_09430114_004_01.h5
1900742,1900746,48.82661437988281,-19.173147201538086,309.01123,61.78112,24.329163,30.123281,943,gt2l,processed_ATL08_20181129100805_09430114_004_01.h5
1900747,1900751,48.826515197753906,-19.17224884033203,296.2678,3.0385618,15.345581,3.7067358,943,gt2l,processed_ATL08_20181129100805_09430114_004_01.h5
1900752,1900756,48.826419830322266,-19.171348571777344,292.52496,16.37664,14.5784,12.461725,943,gt2l,processed_ATL08_20181129100805_09430114_004_01.h5
1900757,1900761,48.826324462890625,-19.170448303222656,293.4741,3.8162625,8.471252,5.4016843,943,gt2l,processed_ATL08_20181129100805_09430114_004_01.h5
1900762,1900766,48.82622528076172,-19.1695499420166,297.2014,59.011383,19.687927,25.381227,943,gt2l,processed_ATL08_20181129100805_09430114_004_01.h5
1900767,1900771,48.82612991333008,-19.168649673461914,304.09814,,17.792236,,943,gt2l,processed_ATL08_20181129100805_09430114_004_01.h5
1900777,1900781,48.825931549072266,-19.166851043701172,290.1056,32.441925,13.515045,32.40884,943,gt2l,processed_ATL08_20181129100805_09430114_004_01.h5
1900782,1900786,48.82583236694336,-19.165950775146484,289.10477,,21.90686,,943,gt2l,processed_ATL08_20181129100805_09430114_004_01.h5
1900787,1900791,48.82573318481445,-19.165050506591797,289.9442,3.5797899,15.786194,4.897566,943,gt2l,processed_ATL08_20181129100805_09430114_004_01.h5
1900792,1900796,48.82563781738281,-19.164152145385742,292.90494,,26.431793,,943,gt2l,processed_ATL08_20181129100805_09430114_004_01.h5
1900797,1900801,48.825538635253906,-19.163251876831055,295.5206,41.789703,22.887665,10.9733515,943,gt2l,processed_ATL08_20181129100805_09430114_004_01.h5
1900802,1900806,48.825435638427734,-19.162353515625,290.21555,8.536278,8.439117,9.023081,943,gt2l,processed_ATL08_20181129100805_09430114_004_01.h5
1900807,1900811,48.82533645629883,-19.161453247070312,298.52817,32.94572,16.978455,23.995514,943,gt2l,processed_ATL08_20181129100805_09430114_004_01.h5
1900812,1900816,48.82524108886719,-19.160552978515625,319.23965,,15.837738,,943,gt2l,processed_ATL08_20181129100805_09430114_004_01.h5
1900817,1900821,48.82514572143555,-19.159652709960938,328.5372,,15.520203,,943,gt2l,processed_ATL08_20181129100805_09430114_004_01.h5
1900822,1900826,48.825042724609375,-19.158754348754883,322.8017,,15.990173,,943,gt2l,processed_ATL08_20181129100805_09430114_004_01.h5
1900827,1900831,48.8249397277832,-19.157855987548828,305.00235,8.534324,14.159088,10.805691,943,gt2l,processed_ATL08_20181129100805_09430114_004_01.h5
1900832,1900836,48.8248405456543,-19.15695571899414,310.68564,,18.974396,,943,gt2l,processed_ATL08_20181129100805_09430114_004_01.h5
1900837,1900841,48.824745178222656,-19.156055450439453,310.59976,34.405212,16.179962,26.444237,943,gt2l,processed_ATL08_20181129100805_09430114_004_01.h5
1900842,1900846,48.82464599609375,-19.1551570892334,309.86258,61.976402,32.233643,32.80055,943,gt2l,processed_ATL08_20181129100805_09430114_004_01.h5
1900847,1900851,48.824546813964844,-19.15425682067871,325.2588,,34.667175,,943,gt2l,processed_ATL08_20181129100805_09430114_004_01.h5
1900852,1900856,48.82444381713867,-19.153358459472656,330.70016,82.76893,28.419983,30.39099,943,gt2l,processed_ATL08_20181129100805_09430114_004_01.h5
1900857,1900861,48.82434844970703,-19.15245819091797,315.25687,52.597347,16.488678,18.210325,943,gt2l,processed_ATL08_20181129100805_09430114_004_01.h5
1900862,1900866,48.82424545288086,-19.151559829711914,311.66052,38.977783,13.459686,23.610888,943,gt2l,processed_ATL08_20181129100805_09430114_004_01.h5
1900867,1900871,48.82414245605469,-19.150659561157227,311.06067,,12.15567,,943,gt2l,processed_ATL08_20181129100805_09430114_004_01.h5
1900872,1900876,48.82404708862305,-19.14975929260254,304.5322,20.304346,13.776978,19.101067,943,gt2l,processed_ATL08_20181129100805_09430114_004_01.h5
1900887,1900891,48.82374954223633,-19.147062301635742,315.32242,,10.466888,,943,gt2l,processed_ATL08_20181129100805_09430114_004_01.h5
1900892,1900896,48.823646545410156,-19.146162033081055,321.14972,64.26273,14.188995,13.107152,943,gt2l,processed_ATL08_20181129100805_09430114_004_01.h5
1900897,1900901,48.823543548583984,-19.145263671875,311.54785,51.96698,18.928314,28.344263,943,gt2l,processed_ATL08_20181129100805_09430114_004_01.h5
1900902,1900906,48.823448181152344,-19.144363403320312,312.292,34.937447,19.103241,21.685562,943,gt2l,processed_ATL08_20181129100805_09430114_004_01.h5
1900907,1900911,48.82334899902344,-19.143463134765625,322.10464,,16.392395,,943,gt2l,processed_ATL08_20181129100805_09430114_004_01.h5
1900912,1900916,48.823246002197266,-19.14256477355957,323.07056,,13.904327,,943,gt2l,processed_ATL08_20181129100805_09430114_004_01.h5
1900917,1900921,48.82314682006836,-19.141664505004883,317.53546,63.466484,13.796814,30.561934,943,gt2l,processed_ATL08_20181129100805_09430114_004_01.h5
1900922,1900926,48.82304763793945,-19.140766143798828,318.39505,,19.122742,,943,gt2l,processed_ATL08_20181129100805_09430114_004_01.h5
1900927,1900931,48.82294464111328,-19.13986587524414,309.80334,62.624237,27.23236,35.15678,943,gt2l,processed_ATL08_20181129100805_09430114_004_01.h5
1900932,1900936,48.822845458984375,-19.138967514038086,299.11777,74.69743,28.93042,29.440592,943,gt2l,processed_ATL08_20181129100805_09430114_004_01.h5
1900937,1900941,48.82274627685547,-19.1380672454834,294.65326,,18.719635,,943,gt2l,processed_ATL08_20181129100805_09430114_004_01.h5
1900942,1900946,48.82264709472656,-19.137168884277344,291.97034,58.349205,18.720825,22.325296,943,gt2l,processed_ATL08_20181129100805_09430114_004_01.h5
1900952,1900956,48.82244873046875,-19.13536834716797,281.46802,6.857836,19.292328,6.90411,943,gt2l,processed_ATL08_20181129100805_09430114_004_01.h5
1900957,1900961,48.82235336303711,-19.134469985961914,275.31345,5.4779825,11.58847,5.318417,943,gt2l,processed_ATL08_20181129100805_09430114_004_01.h5
1900962,1900966,48.82224655151367,-19.133569717407227,275.30658,7.8655014,25.509613,9.174081,943,gt2l,processed_ATL08_20181129100805_09430114_004_01.h5
1900972,1900976,48.82204055786133,-19.131771087646484,263.595,1.657691,19.169464,2.3230946,943,gt2l,processed_ATL08_20181129100805_09430114_004_01.h5
1900977,1900981,48.82194137573242,-19.13087272644043,262.5875,0.6389299,,,943,gt2l,processed_ATL08_20181129100805_09430114_004_01.h5
1900982,1900986,48.82183837890625,-19.129974365234375,261.5284,3.0868134,28.230835,4.5453553,943,gt2l,processed_ATL08_20181129100805_09430114_004_01.h5
1901002,1901006,48.82145690917969,-19.126556396484375,260.2936,18.616985,40.60959,19.790403,943,gt2l,processed_ATL08_20181129100805_09430114_004_01.h5
1901007,1901011,48.82134246826172,-19.125476837158203,257.77734,6.9838734,31.901337,8.70897,943,gt2l,processed_ATL08_20181129100805_09430114_004_01.h5
1901014,1901016,48.82124328613281,-19.124576568603516,257.11743,1.4230533,10.49881,1.9958305,943,gt2l,processed_ATL08_20181129100805_09430114_004_01.h5
1901017,1901021,48.821136474609375,-19.12367820739746,257.4979,2.299696,13.227753,3.1542244,943,gt2l,processed_ATL08_20181129100805_09430114_004_01.h5
1901027,1901031,48.82094192504883,-19.121877670288086,262.45248,36.84118,30.502563,24.092026,943,gt2l,processed_ATL08_20181129100805_09430114_004_01.h5
1901032,1901036,48.820838928222656,-19.12097930908203,262.8055,37.071674,19.946533,31.856073,943,gt2l,processed_ATL08_20181129100805_09430114_004_01.h5
1901037,1901041,48.820735931396484,-19.120079040527344,256.5523,4.506884,13.373154,6.3046546,943,gt2l,processed_ATL08_20181129100805_09430114_004_01.h5
1901052,1901055,48.8204345703125,-19.117382049560547,274.8344,,35.707947,,943,gt2l,processed_ATL08_20181129100805_09430114_004_01.h5
1901062,1901066,48.82023620605469,-19.115583419799805,270.3557,45.123623,40.72046,27.149988,943,gt2l,processed_ATL08_20181129100805_09430114_004_01.h5
1901067,1901071,48.82013702392578,-19.114683151245117,260.71564,7.430867,,,943,gt2l,processed_ATL08_20181129100805_09430114_004_01.h5
1901072,1901076,48.820037841796875,-19.113784790039062,256.6091,4.657051,19.804993,5.5453224,943,gt2l,processed_ATL08_20181129100805_09430114_004_01.h5
1901077,1901081,48.81993865966797,-19.112884521484375,234.64827,36.51735,83.33676,21.60192,943,gt2l,processed_ATL08_20181129100805_09430114_004_01.h5
1901097,1901101,48.819541931152344,-19.10928726196289,243.9841,,137.44258,,943,gt2l,processed_ATL08_20181129100805_09430114_004_01.h5
1901167,1901170,48.81816864013672,-19.096691131591797,259.73856,,69.27899,,943,gt2l,processed_ATL08_20181129100805_09430114_004_01.h5
1901177,1901181,48.81797790527344,-19.094892501831055,264.9075,,46.209747,,943,gt2l,processed_ATL08_20181129100805_09430114_004_01.h5
1901182,1901185,48.81788635253906,-19.093992233276367,247.38731,1.917654,30.124237,2.728308,943,gt2l,processed_ATL08_20181129100805_09430114_004_01.h5
1901217,1901221,48.81721115112305,-19.08769416809082,242.84436,1.7340165,,,943,gt2l,processed_ATL08_20181129100805_09430114_004_01.h5
1901242,1901246,48.816734313964844,-19.083194732666016,255.03778,,16.094025,,943,gt2l,processed_ATL08_20181129100805_09430114_004_01.h5
1901282,1901284,48.815982818603516,-19.07599449157715,363.55225,42.006744,45.225037,44.01141,943,gt2l,processed_ATL08_20181129100805_09430114_004_01.h5
1901288,1901291,48.815887451171875,-19.07509422302246,386.97754,63.255116,41.316406,37.72505,943,gt2l,processed_ATL08_20181129100805_09430114_004_01.h5
1901292,1901296,48.8157958984375,-19.074193954467773,378.6356,63.437576,32.101868,29.126766,943,gt2l,processed_ATL08_20181129100805_09430114_004_01.h5
1901297,1901301,48.815704345703125,-19.073293685913086,374.65726,,26.493256,,943,gt2l,processed_ATL08_20181129100805_09430114_004_01.h5
1901302,1901306,48.81561279296875,-19.0723934173584,379.5704,29.262316,26.482819,22.989365,943,gt2l,processed_ATL08_20181129100805_09430114_004_01.h5
1901307,1901311,48.815521240234375,-19.07149314880371,382.67224,,25.568146,,943,gt2l,processed_ATL08_20181129100805_09430114_004_01.h5
1901312,1901316,48.8154296875,-19.070592880249023,353.14957,32.40521,28.073273,28.870201,943,gt2l,processed_ATL08_20181129100805_09430114_004_01.h5
1901317,1901321,48.81533432006836,-19.069692611694336,352.236,,32.52664,,943,gt2l,processed_ATL08_20181129100805_09430114_004_01.h5
1901327,1901331,48.81515121459961,-19.06789207458496,356.73392,,70.47458,,943,gt2l,processed_ATL08_20181129100805_09430114_004_01.h5
1901333,1901336,48.815059661865234,-19.066991806030273,361.47354,89.55056,27.974915,43.79659,943,gt2l,processed_ATL08_20181129100805_09430114_004_01.h5
1901337,1901341,48.814964294433594,-19.06609344482422,362.70126,40.175682,55.979095,23.673111,943,gt2l,processed_ATL08_20181129100805_09430114_004_01.h5
1901342,1901346,48.81486892700195,-19.06519317626953,383.28262,,25.019897,,943,gt2l,processed_ATL08_20181129100805_09430114_004_01.h5
1901348,1901351,48.81478500366211,-19.06429100036621,362.3905,36.781982,19.879578,24.982798,943,gt2l,processed_ATL08_20181129100805_09430114_004_01.h5
1901352,1901356,48.814693450927734,-19.063390731811523,353.37122,29.449799,16.249084,23.12267,943,gt2l,processed_ATL08_20181129100805_09430114_004_01.h5
1901357,1901361,48.81460189819336,-19.06249237060547,344.4039,,17.504333,,943,gt2l,processed_ATL08_20181129100805_09430114_004_01.h5
1901362,1901366,48.81450653076172,-19.06159210205078,336.8661,68.336655,42.315613,33.65615,943,gt2l,processed_ATL08_20181129100805_09430114_004_01.h5
1901367,1901371,48.814422607421875,-19.06068992614746,356.6793,35.83522,45.428345,31.410885,943,gt2l,processed_ATL08_20181129100805_09430114_004_01.h5
1901372,1901376,48.8143310546875,-19.059789657592773,367.51105,,47.03421,,943,gt2l,processed_ATL08_20181129100805_09430114_004_01.h5
1901382,1901385,48.814151763916016,-19.0579891204834,352.8825,31.832552,17.5784,36.50391,943,gt2l,processed_ATL08_20181129100805_09430114_004_01.h5
1901387,1901391,48.81406021118164,-19.05708885192871,350.30905,,39.448547,,943,gt2l,processed_ATL08_20181129100805_09430114_004_01.h5
1901392,1901396,48.813968658447266,-19.056188583374023,338.46127,,22.839294,,943,gt2l,processed_ATL08_20181129100805_09430114_004_01.h5
1901397,1901401,48.81388473510742,-19.055288314819336,309.4843,61.673065,22.614563,32.254025,943,gt2l,processed_ATL08_20181129100805_09430114_004_01.h5
1901402,1901406,48.81380081176758,-19.05438804626465,282.0696,,29.723053,,943,gt2l,processed_ATL08_20181129100805_09430114_004_01.h5
1901407,1901411,48.8137092590332,-19.05348777770996,266.3985,45.327362,20.401031,30.31774,943,gt2l,processed_ATL08_20181129100805_09430114_004_01.h5
1901412,1901416,48.8136100769043,-19.052587509155273,274.1529,45.897923,15.998413,22.127573,943,gt2l,processed_ATL08_20181129100805_09430114_004_01.h5
1901417,1901421,48.81352615356445,-19.051687240600586,289.79977,35.5476,17.923279,17.28088,943,gt2l,processed_ATL08_20181129100805_09430114_004_01.h5
1901422,1901426,48.813438415527344,-19.0507869720459,278.2226,45.638653,21.328064,22.353416,943,gt2l,processed_ATL08_20181129100805_09430114_004_01.h5
1901427,1901431,48.81334686279297,-19.049884796142578,237.6903,25.869057,24.514694,23.144054,943,gt2l,processed_ATL08_20181129100805_09430114_004_01.h5
1901457,1901460,48.81281661987305,-19.044483184814453,181.38638,,47.781677,,943,gt2l,processed_ATL08_20181129100805_09430114_004_01.h5
1901462,1901466,48.81272888183594,-19.043582916259766,181.78532,22.72404,38.319305,13.395846,943,gt2l,processed_ATL08_20181129100805_09430114_004_01.h5
1901467,1901471,48.81264114379883,-19.042680740356445,170.93593,21.264816,20.576248,16.840107,943,gt2l,processed_ATL08_20181129100805_09430114_004_01.h5
1901472,1901476,48.81255340576172,-19.041780471801758,175.8065,24.394072,38.55893,12.739489,943,gt2l,processed_ATL08_20181129100805_09430114_004_01.h5
1901478,1901481,48.812469482421875,-19.04088020324707,159.57887,1.0186938,11.613937,1.4227917,943,gt2l,processed_ATL08_20181129100805_09430114_004_01.h5
1901482,1901486,48.8123779296875,-19.039979934692383,159.36815,2.7498145,14.852356,3.5922644,943,gt2l,processed_ATL08_20181129100805_09430114_004_01.h5
1901487,1901491,48.81229019165039,-19.039079666137695,182.73314,,38.85997,,943,gt2l,processed_ATL08_20181129100805_09430114_004_01.h5
1901492,1901496,48.81220245361328,-19.038179397583008,198.55014,33.16427,53.408356,22.613443,943,gt2l,processed_ATL08_20181129100805_09430114_004_01.h5
1901513,1901515,48.81184768676758,-19.034576416015625,217.96,,,,943,gt2l,processed_ATL08_20181129100805_09430114_004_01.h5
1901517,1901521,48.811763763427734,-19.033676147460938,198.37038,,102.23834,,943,gt2l,processed_ATL08_20181129100805_09430114_004_01.h5
1901522,1901526,48.81167221069336,-19.03277587890625,185.00055,,37.232178,,943,gt2l,processed_ATL08_20181129100805_09430114_004_01.h5
1901532,1901535,48.811500549316406,-19.030973434448242,166.24203,8.278766,95.944885,12.329708,943,gt2l,processed_ATL08_20181129100805_09430114_004_01.h5
1901537,1901541,48.81141662597656,-19.030073165893555,163.71742,,21.912888,,943,gt2l,processed_ATL08_20181129100805_09430114_004_01.h5
1901542,1901545,48.81132888793945,-19.029172897338867,163.56766,,16.02771,,943,gt2l,processed_ATL08_20181129100805_09430114_004_01.h5
1901547,1901551,48.81124496459961,-19.028270721435547,178.84163,,31.029373,,943,gt2l,processed_ATL08_20181129100805_09430114_004_01.h5
1901552,1901555,48.81114959716797,-19.027372360229492,210.2783,,39.84662,,943,gt2l,processed_ATL08_20181129100805_09430114_004_01.h5
1901562,1901566,48.81098175048828,-19.025569915771484,159.76259,1.1919274,12.680939,1.6340917,943,gt2l,processed_ATL08_20181129100805_09430114_004_01.h5
1901567,1901571,48.81089401245117,-19.024669647216797,159.70743,1.3887683,38.797516,2.059889,943,gt2l,processed_ATL08_20181129100805_09430114_004_01.h5
1901572,1901576,48.8108024597168,-19.02376937866211,185.07588,,23.333221,,943,gt2l,processed_ATL08_20181129100805_09430114_004_01.h5
1901577,1901580,48.81071472167969,-19.02286720275879,183.27724,36.788048,40.29425,17.96933,943,gt2l,processed_ATL08_20181129100805_09430114_004_01.h5
1901587,1901591,48.81053924560547,-19.021066665649414,181.49838,4.6373796,16.442139,6.223666,943,gt2l,processed_ATL08_20181129100805_09430114_004_01.h5
1901592,1901596,48.81045150756836,-19.020166397094727,212.80203,12.286617,36.60681,10.922859,943,gt2l,processed_ATL08_20181129100805_09430114_004_01.h5
1901597,1901601,48.81036376953125,-19.01926612854004,224.4578,37.385113,17.619705,27.489962,943,gt2l,processed_ATL08_20181129100805_09430114_004_01.h5
1901602,1901606,48.810279846191406,-19.01836395263672,240.43777,17.933037,18.508896,12.700648,943,gt2l,processed_ATL08_20181129100805_09430114_004_01.h5
1901607,1901611,48.81018829345703,-19.01746368408203,250.96315,35.78138,42.747498,29.450064,943,gt2l,processed_ATL08_20181129100805_09430114_004_01.h5
1901612,1901616,48.81010437011719,-19.016563415527344,245.38849,20.539988,15.824753,21.107079,943,gt2l,processed_ATL08_20181129100805_09430114_004_01.h5
1901617,1901621,48.81001663208008,-19.015663146972656,228.0025,,24.761902,,943,gt2l,processed_ATL08_20181129100805_09430114_004_01.h5
1901627,1901631,48.80984115600586,-19.01386260986328,197.04688,1.9347937,31.713486,2.7937932,943,gt2l,processed_ATL08_20181129100805_09430114_004_01.h5
1901632,1901636,48.80975341796875,-19.01296043395996,210.3429,,22.887573,,943,gt2l,processed_ATL08_20181129100805_09430114_004_01.h5
1901637,1901641,48.809661865234375,-19.012060165405273,207.16898,1.9174167,21.036163,2.6491232,943,gt2l,processed_ATL08_20181129100805_09430114_004_01.h5
1901642,1901646,48.809574127197266,-19.011159896850586,234.43842,,20.976776,,943,gt2l,processed_ATL08_20181129100805_09430114_004_01.h5
1901657,1901661,48.80930709838867,-19.008459091186523,230.78351,,21.754745,,943,gt2l,processed_ATL08_20181129100805_09430114_004_01.h5
1901672,1901675,48.809043884277344,-19.005756378173828,223.70786,44.762897,18.185257,21.856173,943,gt2l,processed_ATL08_20181129100805_09430114_004_01.h5
1901677,1901681,48.808956146240234,-19.00485610961914,197.7431,25.833317,24.037384,17.630285,943,gt2l,processed_ATL08_20181129100805_09430114_004_01.h5
1901687,1901691,48.80879211425781,-19.003053665161133,165.83838,3.6143918,17.747437,3.4817185,943,gt2l,processed_ATL08_20181129100805_09430114_004_01.h5
1901692,1901696,48.80870056152344,-19.002153396606445,156.64984,5.6127996,21.770844,6.5559506,943,gt2l,processed_ATL08_20181129100805_09430114_004_01.h5
1901697,1901701,48.80860900878906,-19.001253128051758,167.13496,41.72896,48.36165,17.659403,943,gt2l,processed_ATL08_20181129100805_09430114_004_01.h5
1901702,1901706,48.80852127075195,-19.00035285949707,168.9804,,55.445328,,943,gt2l,processed_ATL08_20181129100805_09430114_004_01.h5
1901707,1901711,48.80842971801758,-18.999452590942383,155.83278,31.23879,54.919815,17.964964,943,gt2l,processed_ATL08_20181129100805_09430114_004_01.h5
1901712,1901715,48.80833435058594,-18.998552322387695,159.87392,32.28828,20.62967,34.665443,943,gt2l,processed_ATL08_20181129100805_09430114_004_01.h5
1901718,1901721,48.80824661254883,-18.997652053833008,162.66954,,43.536118,,943,gt2l,processed_ATL08_20181129100805_09430114_004_01.h5
1901747,1901751,48.807701110839844,-18.992250442504883,123.313446,14.927427,44.05211,10.330772,943,gt2l,processed_ATL08_20181129100805_09430114_004_01.h5
1901753,1901756,48.8076171875,-18.991350173950195,96.791504,3.8584688,17.82827,3.9805696,943,gt2l,processed_ATL08_20181129100805_09430114_004_01.h5
1901757,1901761,48.80752944946289,-18.990447998046875,77.79384,5.130004,16.889893,4.044328,943,gt2l,processed_ATL08_20181129100805_09430114_004_01.h5
1901762,1901766,48.80744171142578,-18.989547729492188,71.023605,11.90416,18.101814,6.1766443,943,gt2l,processed_ATL08_20181129100805_09430114_004_01.h5
1901767,1901770,48.80735397338867,-18.9886474609375,61.051365,,15.818787,,943,gt2l,processed_ATL08_20181129100805_09430114_004_01.h5
1901772,1901776,48.80725860595703,-18.987747192382812,63.72467,1.9041775,21.178772,2.6765094,943,gt2l,processed_ATL08_20181129100805_09430114_004_01.h5
1901777,1901781,48.807167053222656,-18.986848831176758,74.26744,,14.033287,,943,gt2l,processed_ATL08_20181129100805_09430114_004_01.h5
1901787,1901791,48.80698013305664,-18.985048294067383,79.381874,3.2336457,12.2610855,3.573414,943,gt2l,processed_ATL08_20181129100805_09430114_004_01.h5
1901792,1901796,48.806888580322266,-18.984148025512695,96.50556,,12.505432,,943,gt2l,processed_ATL08_20181129100805_09430114_004_01.h5
1901797,1901800,48.80679702758789,-18.983247756958008,104.693985,21.091434,14.309921,6.8661633,943,gt2l,processed_ATL08_20181129100805_09430114_004_01.h5
1901807,1901811,48.80661392211914,-18.981447219848633,89.596214,,61.924686,,943,gt2l,processed_ATL08_20181129100805_09430114_004_01.h5
1901812,1901816,48.8065185546875,-18.980546951293945,54.794277,,63.947716,,943,gt2l,processed_ATL08_20181129100805_09430114_004_01.h5
1901828,1901831,48.806243896484375,-18.977846145629883,81.62142,,41.750664,,943,gt2l,processed_ATL08_20181129100805_09430114_004_01.h5
1901837,1901841,48.806053161621094,-18.976045608520508,59.190166,15.898353,31.850746,12.200023,943,gt2l,processed_ATL08_20181129100805_09430114_004_01.h5
1901842,1901846,48.805965423583984,-18.97514533996582,44.361275,0.9864401,9.897991,1.3934244,943,gt2l,processed_ATL08_20181129100805_09430114_004_01.h5
1901847,1901851,48.80587387084961,-18.974245071411133,43.8317,0.10202576,13.47279,0.16005975,943,gt2l,processed_ATL08_20181129100805_09430114_004_01.h5
1901852,1901856,48.80577850341797,-18.973344802856445,47.01777,0.66791254,12.835419,0.944435,943,gt2l,processed_ATL08_20181129100805_09430114_004_01.h5
1901857,1901861,48.80568313598633,-18.97244644165039,61.24154,,26.079323,,943,gt2l,processed_ATL08_20181129100805_09430114_004_01.h5
1901868,1901871,48.80549240112305,-18.970645904541016,102.78354,27.987528,20.92929,12.672576,943,gt2l,processed_ATL08_20181129100805_09430114_004_01.h5
1901907,1901911,48.80473327636719,-18.96344566345215,140.0029,,35.765762,,943,gt2l,processed_ATL08_20181129100805_09430114_004_01.h5
1901913,1901916,48.80464172363281,-18.96254539489746,137.33862,13.509619,28.515701,12.302829,943,gt2l,processed_ATL08_20181129100805_09430114_004_01.h5
1901917,1901921,48.80454635620117,-18.961647033691406,122.93682,7.272518,16.768341,8.077704,943,gt2l,processed_ATL08_20181129100805_09430114_004_01.h5
1901922,1901926,48.804447174072266,-18.96074676513672,112.84982,7.6994414,20.323784,7.6949573,943,gt2l,processed_ATL08_20181129100805_09430114_004_01.h5
1901927,1901931,48.80434799194336,-18.95984649658203,80.08589,8.373059,22.439423,6.808157,943,gt2l,processed_ATL08_20181129100805_09430114_004_01.h5
1901932,1901936,48.804256439208984,-18.958946228027344,61.782547,0.19817203,11.178242,0.29702756,943,gt2l,processed_ATL08_20181129100805_09430114_004_01.h5
1901937,1901941,48.80416488647461,-18.95804786682129,68.16758,,17.885063,,943,gt2l,processed_ATL08_20181129100805_09430114_004_01.h5
1901942,1901946,48.8040657043457,-18.9571475982666,80.72218,5.9808,13.599876,6.42827,943,gt2l,processed_ATL08_20181129100805_09430114_004_01.h5
1901947,1901951,48.8039665222168,-18.956247329711914,93.31011,14.967815,27.903542,7.1531153,943,gt2l,processed_ATL08_20181129100805_09430114_004_01.h5
1901958,1901961,48.80375289916992,-18.954267501831055,51.167664,0.93412733,,,943,gt2l,processed_ATL08_20181129100805_09430114_004_01.h5
1901962,1901966,48.80367660522461,-18.953548431396484,49.48971,0.21615972,27.756004,0.37466294,943,gt2l,processed_ATL08_20181129100805_09430114_004_01.h5
1901967,1901971,48.8035774230957,-18.952648162841797,53.024654,6.585617,29.830093,4.4146347,943,gt2l,processed_ATL08_20181129100805_09430114_004_01.h5
1901972,1901976,48.80348205566406,-18.951749801635742,53.940365,,28.64175,,943,gt2l,processed_ATL08_20181129100805_09430114_004_01.h5
1901977,1901981,48.80337905883789,-18.950849533081055,47.762115,0.49802637,33.27655,0.87170416,943,gt2l,processed_ATL08_20181129100805_09430114_004_01.h5
1902017,1902021,48.80259323120117,-18.943653106689453,60.1907,0.3923998,19.171066,0.6147688,943,gt2l,processed_ATL08_20181129100805_09430114_004_01.h5
1902022,1902026,48.802494049072266,-18.942752838134766,83.941826,,26.15084,,943,gt2l,processed_ATL08_20181129100805_09430114_004_01.h5
1902027,1902031,48.802391052246094,-18.94185447692871,84.2887,,39.36178,,943,gt2l,processed_ATL08_20181129100805_09430114_004_01.h5
1902032,1902036,48.80229568481445,-18.940954208374023,71.88426,2.982149,,,943,gt2l,processed_ATL08_20181129100805_09430114_004_01.h5
1902037,1902041,48.80220031738281,-18.940053939819336,68.56236,3.815318,25.394875,4.5549836,943,gt2l,processed_ATL08_20181129100805_09430114_004_01.h5
1902042,1902046,48.80209732055664,-18.93915557861328,74.17372,14.926889,29.301407,11.215585,943,gt2l,processed_ATL08_20181129100805_09430114_004_01.h5
1902052,1902056,48.80189895629883,-18.93735694885254,49.712025,0.56290966,14.406307,0.83787715,943,gt2l,processed_ATL08_20181129100805_09430114_004_01.h5
1902057,1902061,48.80179977416992,-18.93645668029785,50.8616,0.57769734,10.412731,0.8392417,943,gt2l,processed_ATL08_20181129100805_09430114_004_01.h5
1902062,1902066,48.80169677734375,-18.935558319091797,52.907364,0.39411318,14.54084,0.5937172,943,gt2l,processed_ATL08_20181129100805_09430114_004_01.h5
1902067,1902071,48.801597595214844,-18.93465805053711,50.471893,,26.059906,,943,gt2l,processed_ATL08_20181129100805_09430114_004_01.h5
1902073,1902076,48.80149459838867,-18.933759689331055,71.408,4.8444753,28.249832,4.7784367,943,gt2l,processed_ATL08_20181129100805_09430114_004_01.h5
1902077,1902081,48.80139923095703,-18.932859420776367,77.28572,,18.316772,,943,gt2l,processed_ATL08_20181129100805_09430114_004_01.h5
1902082,1902086,48.80129623413086,-18.93195915222168,69.04728,11.55006,15.863007,8.314098,943,gt2l,processed_ATL08_20181129100805_09430114_004_01.h5
1902087,1902091,48.80119323730469,-18.931060791015625,65.380516,1.125378,13.764191,1.6324053,943,gt2l,processed_ATL08_20181129100805_09430114_004_01.h5
1902092,1902096,48.80109405517578,-18.930160522460938,67.308464,3.8836157,18.193192,4.621724,943,gt2l,processed_ATL08_20181129100805_09430114_004_01.h5
1902097,1902101,48.80099105834961,-18.929262161254883,105.94551,,24.793869,,943,gt2l,processed_ATL08_20181129100805_09430114_004_01.h5
1902102,1902106,48.80088806152344,-18.928363800048828,110.17033,15.011734,20.499619,11.768463,943,gt2l,processed_ATL08_20181129100805_09430114_004_01.h5
1902107,1902110,48.800785064697266,-18.92746353149414,109.4803,20.926035,37.440193,13.281043,943,gt2l,processed_ATL08_20181129100805_09430114_004_01.h5
1902112,1902116,48.800689697265625,-18.926563262939453,106.01615,,52.281242,,943,gt2l,processed_ATL08_20181129100805_09430114_004_01.h5
1902118,1902120,48.80058670043945,-18.9256649017334,104.37016,,30.6054,,943,gt2l,processed_ATL08_20181129100805_09430114_004_01.h5
1902122,1902126,48.800479888916016,-18.924766540527344,106.09793,,27.678741,,943,gt2l,processed_ATL08_20181129100805_09430114_004_01.h5
1902127,1902131,48.800384521484375,-18.923866271972656,107.60811,,30.71099,,943,gt2l,processed_ATL08_20181129100805_09430114_004_01.h5
1902137,1902141,48.80018615722656,-18.922067642211914,77.071915,0.7554637,47.691612,1.288903,943,gt2l,processed_ATL08_20181129100805_09430114_004_01.h5
1902142,1902146,48.800086975097656,-18.921167373657227,72.95567,0.26274073,,,943,gt2l,processed_ATL08_20181129100805_09430114_004_01.h5
1902147,1902151,48.799983978271484,-18.920269012451172,76.6124,0.23208171,13.510017,0.3559469,943,gt2l,processed_ATL08_20181129100805_09430114_004_01.h5
1902152,1902156,48.79988479614258,-18.919368743896484,85.573425,0.5564648,13.879921,0.80119103,943,gt2l,processed_ATL08_20181129100805_09430114_004_01.h5
1902157,1902161,48.799781799316406,-18.91847038269043,89.92368,0.42763388,11.034782,0.63873255,943,gt2l,processed_ATL08_20181129100805_09430114_004_01.h5
1902162,1902166,48.799678802490234,-18.917570114135742,96.64909,12.07666,,,943,gt2l,processed_ATL08_20181129100805_09430114_004_01.h5
1902167,1902171,48.79957580566406,-18.916671752929688,125.63911,18.037344,46.046608,14.147062,943,gt2l,processed_ATL08_20181129100805_09430114_004_01.h5
1902277,1902281,48.79735565185547,-18.89688491821289,434.21112,,15.959808,,943,gt2l,processed_ATL08_20181129100805_09430114_004_01.h5
1902282,1902286,48.79725646972656,-18.895986557006836,420.7918,14.035348,20.574188,15.968915,943,gt2l,processed_ATL08_20181129100805_09430114_004_01.h5
1902287,1902291,48.79715347290039,-18.89508628845215,441.71487,,24.93866,,943,gt2l,processed_ATL08_20181129100805_09430114_004_01.h5
1902292,1902296,48.797054290771484,-18.894187927246094,421.39975,84.76334,17.405731,38.01141,943,gt2l,processed_ATL08_20181129100805_09430114_004_01.h5
1902302,1902306,48.79685974121094,-18.89238739013672,395.85233,22.785141,21.53659,20.997124,943,gt2l,processed_ATL08_20181129100805_09430114_004_01.h5
1902307,1902311,48.7967643737793,-18.89148712158203,360.42786,,20.758484,,943,gt2l,processed_ATL08_20181129100805_09430114_004_01.h5
1902312,1902316,48.79666519165039,-18.890588760375977,339.84497,14.053353,19.15686,13.225191,943,gt2l,processed_ATL08_20181129100805_09430114_004_01.h5
1902317,1902321,48.79656219482422,-18.88968849182129,328.48166,64.91554,15.739258,33.688396,943,gt2l,processed_ATL08_20181129100805_09430114_004_01.h5
1902322,1902326,48.79646682739258,-18.888790130615234,312.85803,14.984761,20.557709,14.213756,943,gt2l,processed_ATL08_20181129100805_09430114_004_01.h5
1902327,1902331,48.79636764526367,-18.887889862060547,315.791,52.40404,15.399445,38.044395,943,gt2l,processed_ATL08_20181129100805_09430114_004_01.h5
1902337,1902341,48.79616928100586,-18.886091232299805,332.42023,66.48629,14.5147705,36.752045,943,gt2l,processed_ATL08_20181129100805_09430114_004_01.h5
1902342,1902346,48.79607391357422,-18.885190963745117,323.79565,10.661682,14.018005,11.869162,943,gt2l,processed_ATL08_20181129100805_09430114_004_01.h5
1902352,1902356,48.79588317871094,-18.883390426635742,306.91708,,28.679657,,943,gt2l,processed_ATL08_20181129100805_09430114_004_01.h5
1902357,1902361,48.79578399658203,-18.882492065429688,286.69443,29.054829,28.417328,26.674118,943,gt2l,processed_ATL08_20181129100805_09430114_004_01.h5
1902367,1902369,48.795589447021484,-18.880691528320312,268.1159,19.827269,29.73706,23.042862,943,gt2l,processed_ATL08_20181129100805_09430114_004_01.h5
1902402,1902406,48.794918060302734,-18.874393463134766,288.59482,,30.161469,,943,gt2l,processed_ATL08_20181129100805_09430114_004_01.h5
1902407,1902411,48.794822692871094,-18.873493194580078,269.32062,,41.437256,,943,gt2l,processed_ATL08_20181129100805_09430114_004_01.h5
1902413,1902416,48.79472351074219,-18.87259292602539,242.90527,21.705847,,,943,gt2l,processed_ATL08_20181129100805_09430114_004_01.h5
1902432,1902435,48.79434585571289,-18.868993759155273,180.08698,,42.517776,,943,gt2l,processed_ATL08_20181129100805_09430114_004_01.h5
1902470,1902473,48.79362106323242,-18.862154006958008,234.11462,,69.92203,,943,gt2l,processed_ATL08_20181129100805_09430114_004_01.h5
1902474,1902478,48.793548583984375,-18.861434936523438,232.49765,,19.994888,,943,gt2l,processed_ATL08_20181129100805_09430114_004_01.h5
1902479,1902483,48.793460845947266,-18.86053466796875,221.89133,,17.476852,,943,gt2l,processed_ATL08_20181129100805_09430114_004_01.h5
1902565,1902568,48.791900634765625,-18.845230102539062,175.63077,,21.204071,,943,gt2l,processed_ATL08_20181129100805_09430114_004_01.h5
1902569,1902573,48.791812896728516,-18.844329833984375,153.13258,17.45197,22.207306,9.434271,943,gt2l,processed_ATL08_20181129100805_09430114_004_01.h5
1902575,1902577,48.79172134399414,-18.843427658081055,125.458145,33.135277,17.44809,11.274621,943,gt2l,processed_ATL08_20181129100805_09430114_004_01.h5
1902579,1902583,48.7916374206543,-18.842527389526367,120.06137,16.989964,14.386009,8.063759,943,gt2l,processed_ATL08_20181129100805_09430114_004_01.h5
1902584,1902588,48.79154968261719,-18.84162712097168,115.717636,,24.4767,,943,gt2l,processed_ATL08_20181129100805_09430114_004_01.h5
1902599,1902603,48.791282653808594,-18.838926315307617,110.62993,21.50732,22.005348,6.025525,943,gt2l,processed_ATL08_20181129100805_09430114_004_01.h5
1902604,1902608,48.79118347167969,-18.83802604675293,100.65084,,25.048302,,943,gt2l,processed_ATL08_20181129100805_09430114_004_01.h5
1902609,1902613,48.79109573364258,-18.837125778198242,95.6131,18.965275,26.783394,6.667362,943,gt2l,processed_ATL08_20181129100805_09430114_004_01.h5
1902614,1902618,48.791011810302734,-18.836223602294922,88.82542,,24.731613,,943,gt2l,processed_ATL08_20181129100805_09430114_004_01.h5
1902619,1902623,48.790924072265625,-18.835323333740234,96.61618,9.462072,16.447395,8.054694,943,gt2l,processed_ATL08_20181129100805_09430114_004_01.h5
1902624,1902628,48.79083251953125,-18.834423065185547,131.2055,,23.924698,,943,gt2l,processed_ATL08_20181129100805_09430114_004_01.h5
1902629,1902633,48.79074478149414,-18.83352279663086,147.15495,,36.47943,,943,gt2l,processed_ATL08_20181129100805_09430114_004_01.h5
1902634,1902638,48.79065704345703,-18.832622528076172,146.75475,,33.209457,,943,gt2l,processed_ATL08_20181129100805_09430114_004_01.h5
1902649,1902653,48.79039001464844,-18.829919815063477,143.52055,,28.992905,,943,gt2l,processed_ATL08_20181129100805_09430114_004_01.h5
1902654,1902658,48.790306091308594,-18.82901954650879,149.92537,,24.957825,,943,gt2l,processed_ATL08_20181129100805_09430114_004_01.h5
1902659,1902663,48.790218353271484,-18.8281192779541,157.45544,,19.11905,,943,gt2l,processed_ATL08_20181129100805_09430114_004_01.h5
1902664,1902668,48.790130615234375,-18.827219009399414,150.4043,,16.503723,,943,gt2l,processed_ATL08_20181129100805_09430114_004_01.h5
1902669,1902673,48.790042877197266,-18.826318740844727,143.44394,23.849707,15.195511,11.64329,943,gt2l,processed_ATL08_20181129100805_09430114_004_01.h5
1902674,1902678,48.78995132446289,-18.82541847229004,135.65302,14.605251,12.066582,5.3957477,943,gt2l,processed_ATL08_20181129100805_09430114_004_01.h5
1902679,1902683,48.78986740112305,-18.82451629638672,113.22513,19.072817,15.916855,6.275532,943,gt2l,processed_ATL08_20181129100805_09430114_004_01.h5
1902684,1902688,48.78977966308594,-18.82361602783203,106.490036,17.719227,13.147919,5.261363,943,gt2l,processed_ATL08_20181129100805_09430114_004_01.h5
1902689,1902693,48.78969192504883,-18.822715759277344,110.37442,,20.869064,,943,gt2l,processed_ATL08_20181129100805_09430114_004_01.h5
1902694,1902698,48.789608001708984,-18.821815490722656,103.75486,,26.418808,,943,gt2l,processed_ATL08_20181129100805_09430114_004_01.h5
1902699,1902703,48.789520263671875,-18.820913314819336,102.816246,14.924263,11.865761,19.311682,943,gt2l,processed_ATL08_20181129100805_09430114_004_01.h5
1902705,1902708,48.789432525634766,-18.82001304626465,110.546646,,13.107086,,943,gt2l,processed_ATL08_20181129100805_09430114_004_01.h5
1902709,1902713,48.78934860229492,-18.81911277770996,89.9827,18.43117,19.3238,8.772554,943,gt2l,processed_ATL08_20181129100805_09430114_004_01.h5
1902714,1902718,48.78926467895508,-18.81821060180664,59.856472,4.013419,13.998001,4.414802,943,gt2l,processed_ATL08_20181129100805_09430114_004_01.h5
1902719,1902723,48.789180755615234,-18.817310333251953,56.78584,0.5858336,8.527264,0.80784994,943,gt2l,processed_ATL08_20181129100805_09430114_004_01.h5
1902724,1902728,48.789093017578125,-18.816410064697266,54.512497,7.0023704,27.024055,3.6289148,943,gt2l,processed_ATL08_20181129100805_09430114_004_01.h5
1902729,1902733,48.78900146484375,-18.815509796142578,60.598423,,24.010574,,943,gt2l,processed_ATL08_20181129100805_09430114_004_01.h5
1902734,1902738,48.788909912109375,-18.81460952758789,59.43973,1.607711,24.404598,1.7956452,943,gt2l,processed_ATL08_20181129100805_09430114_004_01.h5
1902739,1902743,48.78882598876953,-18.813709259033203,66.48255,,20.149406,,943,gt2l,processed_ATL08_20181129100805_09430114_004_01.h5
1902744,1902748,48.78874206542969,-18.812807083129883,75.626495,6.816498,13.993103,5.8073807,943,gt2l,processed_ATL08_20181129100805_09430114_004_01.h5
1902749,1902753,48.78865432739258,-18.811906814575195,93.083626,24.306953,18.271927,7.6307116,943,gt2l,processed_ATL08_20181129100805_09430114_004_01.h5
1902754,1902758,48.78856658935547,-18.811006546020508,107.793495,,25.12487,,943,gt2l,processed_ATL08_20181129100805_09430114_004_01.h5
1902759,1902763,48.788482666015625,-18.810104370117188,101.980545,,26.50325,,943,gt2l,processed_ATL08_20181129100805_09430114_004_01.h5
1902764,1902768,48.78839874267578,-18.8092041015625,81.25162,6.1106753,28.544647,6.2629924,943,gt2l,processed_ATL08_20181129100805_09430114_004_01.h5
1902769,1902773,48.788307189941406,-18.808303833007812,77.45649,,29.510513,,943,gt2l,processed_ATL08_20181129100805_09430114_004_01.h5
1902774,1902778,48.7882194519043,-18.807403564453125,71.16558,2.5547717,9.6946335,1.7640629,943,gt2l,processed_ATL08_20181129100805_09430114_004_01.h5
1902779,1902783,48.78813171386719,-18.806503295898438,71.41256,,9.894424,,943,gt2l,processed_ATL08_20181129100805_09430114_004_01.h5
1902784,1902788,48.78804397583008,-18.805601119995117,67.459854,1.2461588,22.502289,1.6817782,943,gt2l,processed_ATL08_20181129100805_09430114_004_01.h5
1902789,1902793,48.787960052490234,-18.80470085144043,89.31008,,29.011162,,943,gt2l,processed_ATL08_20181129100805_09430114_004_01.h5
1902794,1902798,48.78787612915039,-18.803800582885742,113.88665,,26.61708,,943,gt2l,processed_ATL08_20181129100805_09430114_004_01.h5
1902799,1902803,48.78778839111328,-18.802898406982422,105.37187,,37.456093,,943,gt2l,processed_ATL08_20181129100805_09430114_004_01.h5
1902804,1902808,48.78770065307617,-18.801998138427734,92.99997,15.837819,35.147537,11.341062,943,gt2l,processed_ATL08_20181129100805_09430114_004_01.h5
1902809,1902813,48.78760528564453,-18.801097869873047,112.431656,,32.691986,,943,gt2l,processed_ATL08_20181129100805_09430114_004_01.h5
1902814,1902818,48.78751754760742,-18.80019760131836,124.05826,24.447964,36.213974,35.379112,943,gt2l,processed_ATL08_20181129100805_09430114_004_01.h5
1902819,1902823,48.78742980957031,-18.799297332763672,119.326126,,54.26976,,943,gt2l,processed_ATL08_20181129100805_09430114_004_01.h5
1902824,1902828,48.787349700927734,-18.798397064208984,103.66027,17.70126,28.194489,21.207167,943,gt2l,processed_ATL08_20181129100805_09430114_004_01.h5
1902829,1902833,48.787261962890625,-18.797494888305664,72.75108,,29.326012,,943,gt2l,processed_ATL08_20181129100805_09430114_004_01.h5
1902834,1902838,48.787174224853516,-18.796594619750977,72.25636,,17.435314,,943,gt2l,processed_ATL08_20181129100805_09430114_004_01.h5
1902839,1902843,48.78709030151367,-18.79569435119629,47.869858,0.19066127,17.697933,0.29151016,943,gt2l,processed_ATL08_20181129100805_09430114_004_01.h5
1902844,1902848,48.78700256347656,-18.7947940826416,47.822666,0.10585552,,,943,gt2l,processed_ATL08_20181129100805_09430114_004_01.h5
1902849,1902853,48.78691482543945,-18.79389190673828,47.89257,1.8807452,13.112427,0.7316737,943,gt2l,processed_ATL08_20181129100805_09430114_004_01.h5
1902854,1902858,48.786827087402344,-18.792991638183594,58.25868,12.025995,17.169525,6.394222,943,gt2l,processed_ATL08_20181129100805_09430114_004_01.h5
1902859,1902863,48.786739349365234,-18.792091369628906,63.93058,,17.616104,,943,gt2l,processed_ATL08_20181129100805_09430114_004_01.h5
1902864,1902868,48.786651611328125,-18.79119110107422,65.17599,4.6635404,10.5381775,5.1853347,943,gt2l,processed_ATL08_20181129100805_09430114_004_01.h5
1902869,1902873,48.786563873291016,-18.79029083251953,67.54287,,11.952446,,943,gt2l,processed_ATL08_20181129100805_09430114_004_01.h5
1902874,1902878,48.78647994995117,-18.78938865661621,73.153046,3.6485112,10.799278,4.2611375,943,gt2l,processed_ATL08_20181129100805_09430114_004_01.h5
1902879,1902883,48.7863883972168,-18.788488388061523,78.07233,5.2136993,25.852776,6.7037597,943,gt2l,processed_ATL08_20181129100805_09430114_004_01.h5
1902884,1902888,48.78629684448242,-18.787588119506836,87.418945,,28.666397,,943,gt2l,processed_ATL08_20181129100805_09430114_004_01.h5
1902889,1902893,48.78620910644531,-18.78668785095215,89.271,,23.043503,,943,gt2l,processed_ATL08_20181129100805_09430114_004_01.h5
1902894,1902898,48.78612518310547,-18.78578758239746,86.522385,17.23242,14.118584,16.525988,943,gt2l,processed_ATL08_20181129100805_09430114_004_01.h5
1902899,1902903,48.78602981567383,-18.784887313842773,69.53732,,27.239021,,943,gt2l,processed_ATL08_20181129100805_09430114_004_01.h5
1902904,1902908,48.785945892333984,-18.783987045288086,55.38005,12.040636,20.978558,5.299702,943,gt2l,processed_ATL08_20181129100805_09430114_004_01.h5
1902909,1902913,48.78586196899414,-18.783084869384766,51.0,3.672654,15.735798,2.5762203,943,gt2l,processed_ATL08_20181129100805_09430114_004_01.h5
1902914,1902918,48.7857666015625,-18.782184600830078,61.47585,,11.596695,,943,gt2l,processed_ATL08_20181129100805_09430114_004_01.h5
1902919,1902923,48.785675048828125,-18.78128433227539,70.385864,8.723036,10.170242,6.1956716,943,gt2l,processed_ATL08_20181129100805_09430114_004_01.h5
1902924,1902928,48.78559112548828,-18.780384063720703,61.75711,15.466338,15.178204,5.3852835,943,gt2l,processed_ATL08_20181129100805_09430114_004_01.h5
1902929,1902933,48.785499572753906,-18.779483795166016,56.055317,,15.5227165,,943,gt2l,processed_ATL08_20181129100805_09430114_004_01.h5
1902934,1902938,48.78540802001953,-18.778583526611328,54.87671,6.8769093,20.893147,3.7744331,943,gt2l,processed_ATL08_20181129100805_09430114_004_01.h5
1902939,1902943,48.785316467285156,-18.77768325805664,51.936386,,25.969337,,943,gt2l,processed_ATL08_20181129100805_09430114_004_01.h5
1902944,1902948,48.78522491455078,-18.776782989501953,50.099476,0.16694006,24.679,0.28572556,943,gt2l,processed_ATL08_20181129100805_09430114_004_01.h5
1902949,1902953,48.78513717651367,-18.775882720947266,50.78007,0.97461456,12.058655,1.3505514,943,gt2l,processed_ATL08_20181129100805_09430114_004_01.h5
1902954,1902958,48.7850456237793,-18.774982452392578,50.023396,0.50085855,16.029053,0.7509088,943,gt2l,processed_ATL08_20181129100805_09430114_004_01.h5
1902969,1902973,48.784767150878906,-18.772281646728516,61.666206,0.7429989,11.867863,1.0481327,943,gt2l,processed_ATL08_20181129100805_09430114_004_01.h5
1902999,1903003,48.78422164916992,-18.76688003540039,87.6656,10.869017,15.239952,4.6859365,943,gt2l,processed_ATL08_20181129100805_09430114_004_01.h5
1903045,1903048,48.78335952758789,-18.75859832763672,54.8155,0.48905262,,,943,gt2l,processed_ATL08_20181129100805_09430114_004_01.h5
1903049,1903053,48.783287048339844,-18.75787925720215,53.627857,0.19437194,,,943,gt2l,processed_ATL08_20181129100805_09430114_004_01.h5
1903089,1903093,48.78251647949219,-18.750680923461914,69.197266,0.5398119,12.878902,0.77424395,943,gt2l,processed_ATL08_20181129100805_09430114_004_01.h5
1903094,1903096,48.782466888427734,-18.749849319458008,71.85852,0.54075325,9.891151,0.8163626,943,gt2l,processed_ATL08_20181129100805_09430114_004_01.h5
1903114,1903118,48.78203201293945,-18.74618148803711,79.85602,0.5365361,,,943,gt2l,processed_ATL08_20181129100805_09430114_004_01.h5
1903119,1903123,48.78193664550781,-18.745281219482422,79.37057,0.31496736,16.150002,0.46039996,943,gt2l,processed_ATL08_20181129100805_09430114_004_01.h5
1903124,1903128,48.781837463378906,-18.744380950927734,88.500435,10.837337,14.222954,8.281785,943,gt2l,processed_ATL08_20181129100805_09430114_004_01.h5
1903129,1903133,48.78173828125,-18.74348258972168,91.327774,4.2617016,14.473282,4.370497,943,gt2l,processed_ATL08_20181129100805_09430114_004_01.h5
1903134,1903138,48.781639099121094,-18.742582321166992,115.23903,13.167805,15.349846,11.710953,943,gt2l,processed_ATL08_20181129100805_09430114_004_01.h5
1903139,1903143,48.78153991699219,-18.741683959960938,127.23058,13.389652,16.509048,9.798898,943,gt2l,processed_ATL08_20181129100805_09430114_004_01.h5
1903144,1903148,48.78144454956055,-18.74078369140625,112.285194,,17.327751,,943,gt2l,processed_ATL08_20181129100805_09430114_004_01.h5
1903149,1903153,48.78134536743164,-18.739883422851562,121.691414,,19.611473,,943,gt2l,processed_ATL08_20181129100805_09430114_004_01.h5
1903154,1903158,48.78125,-18.738983154296875,119.81531,,20.009766,,943,gt2l,processed_ATL08_20181129100805_09430114_004_01.h5
1903164,1903168,48.78104782104492,-18.737184524536133,107.192276,,26.158424,,943,gt2l,processed_ATL08_20181129100805_09430114_004_01.h5
1903169,1903173,48.78095245361328,-18.736286163330078,121.95029,24.267956,20.399681,10.911719,943,gt2l,processed_ATL08_20181129100805_09430114_004_01.h5
1903174,1903178,48.780853271484375,-18.73538589477539,142.19753,,28.531036,,943,gt2l,processed_ATL08_20181129100805_09430114_004_01.h5
1903179,1903183,48.78075408935547,-18.734485626220703,146.70168,,23.702805,,943,gt2l,processed_ATL08_20181129100805_09430114_004_01.h5
1903184,1903188,48.78065490722656,-18.73358726501465,128.99034,21.546738,14.214745,10.116235,943,gt2l,processed_ATL08_20181129100805_09430114_004_01.h5
1903189,1903193,48.78055953979492,-18.73268699645996,129.23976,,19.691864,,943,gt2l,processed_ATL08_20181129100805_09430114_004_01.h5
1903194,1903198,48.780460357666016,-18.731786727905273,133.00742,,19.122116,,943,gt2l,processed_ATL08_20181129100805_09430114_004_01.h5
1903199,1903203,48.780357360839844,-18.73088836669922,135.23195,,25.248634,,943,gt2l,processed_ATL08_20181129100805_09430114_004_01.h5
1903204,1903208,48.78025817871094,-18.72998809814453,115.05742,19.175337,17.816307,7.4481096,943,gt2l,processed_ATL08_20181129100805_09430114_004_01.h5
1903209,1903213,48.780155181884766,-18.729089736938477,118.250114,2.9560375,12.276184,3.1110432,943,gt2l,processed_ATL08_20181129100805_09430114_004_01.h5
1903214,1903218,48.780059814453125,-18.72818946838379,123.064514,2.7175317,16.49749,3.0518172,943,gt2l,processed_ATL08_20181129100805_09430114_004_01.h5
1903219,1903223,48.77996063232422,-18.7272891998291,123.84197,1.5295349,11.777359,1.7616602,943,gt2l,processed_ATL08_20181129100805_09430114_004_01.h5
1903224,1903228,48.77985763549805,-18.726390838623047,149.13763,,21.887619,,943,gt2l,processed_ATL08_20181129100805_09430114_004_01.h5
1903229,1903233,48.77975845336914,-18.72549057006836,154.73006,,18.450317,,943,gt2l,processed_ATL08_20181129100805_09430114_004_01.h5
1903234,1903238,48.77965545654297,-18.724592208862305,159.79578,,24.051956,,943,gt2l,processed_ATL08_20181129100805_09430114_004_01.h5
1903239,1903243,48.77955627441406,-18.723691940307617,176.50798,,20.34758,,943,gt2l,processed_ATL08_20181129100805_09430114_004_01.h5
1903245,1903248,48.779457092285156,-18.72279167175293,217.04327,71.11883,18.341629,26.199083,943,gt2l,processed_ATL08_20181129100805_09430114_004_01.h5
1903249,1903253,48.779354095458984,-18.721893310546875,251.4658,13.1196375,14.219055,9.959628,943,gt2l,processed_ATL08_20181129100805_09430114_004_01.h5
1903254,1903258,48.77925109863281,-18.72099494934082,254.29037,,14.07251,,943,gt2l,processed_ATL08_20181129100805_09430114_004_01.h5
1903259,1903263,48.77915573120117,-18.720094680786133,246.64568,,12.318924,,943,gt2l,processed_ATL08_20181129100805_09430114_004_01.h5
1903264,1903268,48.779056549072266,-18.719194412231445,255.90903,36.47608,15.006958,14.72548,943,gt2l,processed_ATL08_20181129100805_09430114_004_01.h5
1903269,1903273,48.77894973754883,-18.71829605102539,253.41353,,17.994644,,943,gt2l,processed_ATL08_20181129100805_09430114_004_01.h5
1903274,1903278,48.778846740722656,-18.717395782470703,263.40515,,15.249359,,943,gt2l,processed_ATL08_20181129100805_09430114_004_01.h5
1903279,1903283,48.778751373291016,-18.71649742126465,277.2304,17.070576,18.208466,11.732963,943,gt2l,processed_ATL08_20181129100805_09430114_004_01.h5
1903284,1903288,48.77864456176758,-18.71559715270996,315.65945,45.07799,19.420868,21.800558,943,gt2l,processed_ATL08_20181129100805_09430114_004_01.h5
1903289,1903293,48.778541564941406,-18.714698791503906,351.52466,,28.07315,,943,gt2l,processed_ATL08_20181129100805_09430114_004_01.h5
1903299,1903303,48.77834701538086,-18.712900161743164,379.36127,76.11493,28.342255,39.59243,943,gt2l,processed_ATL08_20181129100805_09430114_004_01.h5
1903304,1903308,48.778236389160156,-18.711999893188477,393.31464,,17.261322,,943,gt2l,processed_ATL08_20181129100805_09430114_004_01.h5
1903309,1903313,48.778133392333984,-18.711101531982422,393.3179,77.721214,34.36023,31.830757,943,gt2l,processed_ATL08_20181129100805_09430114_004_01.h5
1903469,1903473,48.77492141723633,-18.68231964111328,369.27478,53.893505,30.090881,30.371267,943,gt2l,processed_ATL08_20181129100805_09430114_004_01.h5
1903479,1903483,48.774715423583984,-18.68052101135254,420.64322,,34.302795,,943,gt2l,processed_ATL08_20181129100805_09430114_004_01.h5
1903484,1903488,48.774620056152344,-18.67962074279785,429.57056,62.241787,25.063751,28.446587,943,gt2l,processed_ATL08_20181129100805_09430114_004_01.h5
1903499,1903503,48.77431869506836,-18.676921844482422,525.38727,,28.500244,,943,gt2l,processed_ATL08_20181129100805_09430114_004_01.h5
1903504,1903508,48.77421951293945,-18.676023483276367,515.1558,128.8855,34.68091,57.64709,943,gt2l,processed_ATL08_20181129100805_09430114_004_01.h5
1903514,1903518,48.77403259277344,-18.674222946166992,507.96057,101.996994,28.869629,61.176723,943,gt2l,processed_ATL08_20181129100805_09430114_004_01.h5
1903524,1903528,48.773826599121094,-18.67242431640625,510.48578,,69.35837,,943,gt2l,processed_ATL08_20181129100805_09430114_004_01.h5
1904054,1904058,48.76430892944336,-18.576976776123047,144.9635,,22.703857,,943,gt2l,processed_ATL08_20181129100805_09430114_004_01.h5
1904069,1904073,48.764041900634766,-18.57427406311035,190.99126,,23.747757,,943,gt2l,processed_ATL08_20181129100805_09430114_004_01.h5
1904074,1904078,48.76395034790039,-18.573373794555664,206.55847,,23.125015,,943,gt2l,processed_ATL08_20181129100805_09430114_004_01.h5
1904079,1904083,48.76386260986328,-18.572473526000977,200.32938,39.4724,18.779785,12.152143,943,gt2l,processed_ATL08_20181129100805_09430114_004_01.h5
1904084,1904088,48.763771057128906,-18.57157325744629,174.6184,,29.908478,,943,gt2l,processed_ATL08_20181129100805_09430114_004_01.h5
1904089,1904093,48.76367950439453,-18.5706729888916,192.69286,,32.116623,,943,gt2l,processed_ATL08_20181129100805_09430114_004_01.h5
1904104,1904108,48.763404846191406,-18.56797218322754,287.83722,,21.61145,,943,gt2l,processed_ATL08_20181129100805_09430114_004_01.h5
1904109,1904113,48.7633171081543,-18.56707191467285,284.43332,,18.954132,,943,gt2l,processed_ATL08_20181129100805_09430114_004_01.h5
1904114,1904118,48.76322937011719,-18.566171646118164,251.24297,,24.684906,,943,gt2l,processed_ATL08_20181129100805_09430114_004_01.h5
1899071,1899075,48.828189849853516,-19.476722717285156,22.889448,,17.641273,,943,gt1r,processed_ATL08_20181129100805_09430114_004_01.h5
1899076,1899080,48.82809829711914,-19.47582244873047,17.366978,0.09877989,16.075644,0.1580863,943,gt1r,processed_ATL08_20181129100805_09430114_004_01.h5
1899081,1899085,48.8280143737793,-19.47492218017578,20.514904,0.93798965,13.271221,0.3619274,943,gt1r,processed_ATL08_20181129100805_09430114_004_01.h5
1899086,1899090,48.82792663574219,-19.474021911621094,17.690773,1.096944,14.590523,0.6686647,943,gt1r,processed_ATL08_20181129100805_09430114_004_01.h5
1899091,1899095,48.82783508300781,-19.473121643066406,15.247142,1.2901441,14.3437195,0.6575121,943,gt1r,processed_ATL08_20181129100805_09430114_004_01.h5
1899096,1899100,48.82775115966797,-19.47222137451172,18.54148,,15.079088,,943,gt1r,processed_ATL08_20181129100805_09430114_004_01.h5
1899101,1899105,48.827659606933594,-19.4713191986084,16.817547,0.9452031,16.438768,0.43108797,943,gt1r,processed_ATL08_20181129100805_09430114_004_01.h5
1899106,1899110,48.82756805419922,-19.470420837402344,17.81509,,11.794189,,943,gt1r,processed_ATL08_20181129100805_09430114_004_01.h5
1899111,1899115,48.827484130859375,-19.469518661499023,12.324547,,17.954754,,943,gt1r,processed_ATL08_20181129100805_09430114_004_01.h5
1899116,1899120,48.827392578125,-19.468618392944336,6.406567,0.11852932,18.598873,0.23463257,943,gt1r,processed_ATL08_20181129100805_09430114_004_01.h5
1899121,1899125,48.827301025390625,-19.46771812438965,5.476717,,20.983828,,943,gt1r,processed_ATL08_20181129100805_09430114_004_01.h5
1899126,1899130,48.827213287353516,-19.46681785583496,4.419719,0.050409533,15.982527,0.13827585,943,gt1r,processed_ATL08_20181129100805_09430114_004_01.h5
1899131,1899135,48.827125549316406,-19.465917587280273,8.770122,0.7698377,15.457728,0.51876426,943,gt1r,processed_ATL08_20181129100805_09430114_004_01.h5
1899136,1899140,48.8270378112793,-19.465017318725586,18.765972,,19.974731,,943,gt1r,processed_ATL08_20181129100805_09430114_004_01.h5
1899141,1899145,48.82695007324219,-19.4641170501709,12.623388,0.26981845,8.540989,0.40630758,943,gt1r,processed_ATL08_20181129100805_09430114_004_01.h5
1899146,1899150,48.82685852050781,-19.46321678161621,4.9821844,0.03573013,13.363791,0.07008536,943,gt1r,processed_ATL08_20181129100805_09430114_004_01.h5
1899151,1899155,48.8267707824707,-19.462316513061523,11.187916,,7.671921,,943,gt1r,processed_ATL08_20181129100805_09430114_004_01.h5
1899156,1899160,48.826683044433594,-19.461416244506836,13.744041,0.7736999,14.534739,0.16522647,943,gt1r,processed_ATL08_20181129100805_09430114_004_01.h5
1899161,1899165,48.82658767700195,-19.46051597595215,13.569664,,19.973272,,943,gt1r,processed_ATL08_20181129100805_09430114_004_01.h5
1899166,1899170,48.82649612426758,-19.45961570739746,7.657822,0.47140908,18.501348,0.39615607,943,gt1r,processed_ATL08_20181129100805_09430114_004_01.h5
1899171,1899175,48.82640838623047,-19.458715438842773,10.34932,,19.007772,,943,gt1r,processed_ATL08_20181129100805_09430114_004_01.h5
1899176,1899180,48.82632064819336,-19.457815170288086,7.0976086,0.16959769,12.530542,0.13710664,943,gt1r,processed_ATL08_20181129100805_09430114_004_01.h5
1899181,1899185,48.826229095458984,-19.4569149017334,6.674291,0.034666926,9.64838,0.076545596,943,gt1r,processed_ATL08_20181129100805_09430114_004_01.h5
1899186,1899190,48.826141357421875,-19.45601463317871,20.06713,,9.324171,,943,gt1r,processed_ATL08_20181129100805_09430114_004_01.h5
1899191,1899195,48.8260498046875,-19.455114364624023,3.8453186,0.0033669758,10.073637,0.01653473,943,gt1r,processed_ATL08_20181129100805_09430114_004_01.h5
1899196,1899200,48.82595443725586,-19.454214096069336,1.6414708,0.0012790178,,,943,gt1r,processed_ATL08_20181129100805_09430114_004_01.h5
1899201,1899205,48.82586669921875,-19.45331382751465,3.2396176,,9.516038,,943,gt1r,processed_ATL08_20181129100805_09430114_004_01.h5
1899206,1899210,48.82577896118164,-19.45241355895996,-0.75324786,0.009250468,9.848784,0.045655057,943,gt1r,processed_ATL08_20181129100805_09430114_004_01.h5
1899211,1899215,48.82568359375,-19.451513290405273,16.516325,,10.75421,,943,gt1r,processed_ATL08_20181129100805_09430114_004_01.h5
1899216,1899220,48.82559585571289,-19.450613021850586,13.24627,0.07208568,15.708374,0.11617509,943,gt1r,processed_ATL08_20181129100805_09430114_004_01.h5
1899221,1899225,48.825504302978516,-19.4497127532959,15.447373,0.050111435,7.9395943,0.070257805,943,gt1r,processed_ATL08_20181129100805_09430114_004_01.h5
1899226,1899230,48.82540512084961,-19.44881248474121,27.728962,0.82617986,9.224487,0.5661892,943,gt1r,processed_ATL08_20181129100805_09430114_004_01.h5
1899231,1899235,48.8253173828125,-19.447912216186523,34.76271,1.9420176,10.204857,0.5098164,943,gt1r,processed_ATL08_20181129100805_09430114_004_01.h5
1899236,1899240,48.82522964477539,-19.447011947631836,24.949907,1.6437925,10.516617,0.90395236,943,gt1r,processed_ATL08_20181129100805_09430114_004_01.h5
1899241,1899245,48.825138092041016,-19.44611167907715,17.83984,0.68361753,6.1508846,0.15698451,943,gt1r,processed_ATL08_20181129100805_09430114_004_01.h5
1899246,1899250,48.825042724609375,-19.44521141052246,18.210386,1.3671532,11.865356,0.30439255,943,gt1r,processed_ATL08_20181129100805_09430114_004_01.h5
1899251,1899255,48.824951171875,-19.444313049316406,17.679714,0.70335627,12.494982,0.7051125,943,gt1r,processed_ATL08_20181129100805_09430114_004_01.h5
1899256,1899260,48.824859619140625,-19.443410873413086,10.826844,,10.277628,,943,gt1r,processed_ATL08_20181129100805_09430114_004_01.h5
1899261,1899265,48.824771881103516,-19.4425106048584,0.47867566,0.015869718,7.567443,0.02342368,943,gt1r,processed_ATL08_20181129100805_09430114_004_01.h5
1899266,1899270,48.82467269897461,-19.441612243652344,-4.0652575,0.004581345,3.7982066,0.0047349017,943,gt1r,processed_ATL08_20181129100805_09430114_004_01.h5
1899271,1899275,48.82457733154297,-19.440711975097656,9.599235,0.0048112064,13.085069,0.079231866,943,gt1r,processed_ATL08_20181129100805_09430114_004_01.h5
1899276,1899280,48.824493408203125,-19.43981170654297,20.28387,1.4405785,15.233719,0.76949275,943,gt1r,processed_ATL08_20181129100805_09430114_004_01.h5
1899281,1899285,48.824398040771484,-19.43891143798828,16.4203,,14.629742,,943,gt1r,processed_ATL08_20181129100805_09430114_004_01.h5
1899286,1899290,48.824302673339844,-19.438011169433594,3.7226763,0.02190725,7.032187,0.045057923,943,gt1r,processed_ATL08_20181129100805_09430114_004_01.h5
1899291,1899295,48.8242073059082,-19.437110900878906,9.000791,0.037788082,10.786674,0.07084449,943,gt1r,processed_ATL08_20181129100805_09430114_004_01.h5
1899296,1899300,48.82411193847656,-19.43621253967285,19.672792,1.2284138,11.705247,0.21694192,943,gt1r,processed_ATL08_20181129100805_09430114_004_01.h5
1899301,1899305,48.82402038574219,-19.435312271118164,21.817625,,12.18424,,943,gt1r,processed_ATL08_20181129100805_09430114_004_01.h5
1899306,1899310,48.82392501831055,-19.434412002563477,8.64767,0.3787519,14.997355,0.3283988,943,gt1r,processed_ATL08_20181129100805_09430114_004_01.h5
1899311,1899315,48.823829650878906,-19.43351173400879,5.738158,,8.113597,,943,gt1r,processed_ATL08_20181129100805_09430114_004_01.h5
1899316,1899320,48.82373809814453,-19.4326114654541,1.9742012,0.013797629,17.066986,0.12373912,943,gt1r,processed_ATL08_20181129100805_09430114_004_01.h5
1899321,1899325,48.823646545410156,-19.431711196899414,3.0977325,0.08989661,22.826351,0.35974538,943,gt1r,processed_ATL08_20181129100805_09430114_004_01.h5
1899326,1899330,48.82354736328125,-19.43081283569336,4.7993016,,19.92442,,943,gt1r,processed_ATL08_20181129100805_09430114_004_01.h5
1899331,1899335,48.82345199584961,-19.429912567138672,6.0904636,0.51189184,12.153984,0.2734345,943,gt1r,processed_ATL08_20181129100805_09430114_004_01.h5
1899336,1899340,48.82335662841797,-19.429012298583984,1.7773438,0.0630878,11.237877,0.11762859,943,gt1r,processed_ATL08_20181129100805_09430114_004_01.h5
1899341,1899345,48.82326126098633,-19.42811393737793,2.9105759,0.015317788,14.872625,0.07640178,943,gt1r,processed_ATL08_20181129100805_09430114_004_01.h5
1899346,1899350,48.82316589355469,-19.427213668823242,13.340665,,15.193796,,943,gt1r,processed_ATL08_20181129100805_09430114_004_01.h5
1899351,1899355,48.82307052612305,-19.426313400268555,9.280201,0.5298608,11.869694,0.16109183,943,gt1r,processed_ATL08_20181129100805_09430114_004_01.h5
1899356,1899360,48.822975158691406,-19.425413131713867,-2.1007257,0.003544067,11.35269,0.009261086,943,gt1r,processed_ATL08_20181129100805_09430114_004_01.h5
1899361,1899365,48.822879791259766,-19.42451286315918,4.7521653,0.08470453,11.307203,0.14171393,943,gt1r,processed_ATL08_20181129100805_09430114_004_01.h5
1899366,1899370,48.822784423828125,-19.423614501953125,0.30371153,0.0055961516,9.413175,0.057222765,943,gt1r,processed_ATL08_20181129100805_09430114_004_01.h5
1899371,1899375,48.822689056396484,-19.422714233398438,7.1358643,0.25199327,9.174787,0.08771189,943,gt1r,processed_ATL08_20181129100805_09430114_004_01.h5
1899376,1899380,48.82258987426758,-19.42181396484375,15.089126,,16.012596,,943,gt1r,processed_ATL08_20181129100805_09430114_004_01.h5
1899381,1899385,48.8224983215332,-19.420913696289062,6.7967243,,17.99682,,943,gt1r,processed_ATL08_20181129100805_09430114_004_01.h5
1899386,1899390,48.82240295410156,-19.420015335083008,3.3862228,0.19304083,18.502575,0.2916825,943,gt1r,processed_ATL08_20181129100805_09430114_004_01.h5
1899391,1899395,48.822303771972656,-19.41911506652832,4.867817,0.4131142,18.020973,0.43630314,943,gt1r,processed_ATL08_20181129100805_09430114_004_01.h5
1899396,1899400,48.82220458984375,-19.418214797973633,5.9218597,0.09700381,16.512386,0.16675133,943,gt1r,processed_ATL08_20181129100805_09430114_004_01.h5
1899401,1899405,48.82210922241211,-19.417316436767578,5.7053638,,15.323881,,943,gt1r,processed_ATL08_20181129100805_09430114_004_01.h5
1899406,1899410,48.82201385498047,-19.41641616821289,3.9437027,0.091321915,12.183804,0.23152272,943,gt1r,processed_ATL08_20181129100805_09430114_004_01.h5
1899411,1899415,48.82191848754883,-19.415515899658203,9.316772,0.22526172,13.192415,0.20156842,943,gt1r,processed_ATL08_20181129100805_09430114_004_01.h5
1899416,1899420,48.82181930541992,-19.41461753845215,17.292141,,10.796968,,943,gt1r,processed_ATL08_20181129100805_09430114_004_01.h5
1899421,1899425,48.82172393798828,-19.41371726989746,7.776013,0.023126842,11.677327,0.046638913,943,gt1r,processed_ATL08_20181129100805_09430114_004_01.h5
1899426,1899430,48.821624755859375,-19.412817001342773,14.4101515,,15.949208,,943,gt1r,processed_ATL08_20181129100805_09430114_004_01.h5
1899431,1899435,48.82152557373047,-19.41191864013672,14.128346,0.61527187,10.879176,0.5961704,943,gt1r,processed_ATL08_20181129100805_09430114_004_01.h5
1899436,1899440,48.82142639160156,-19.41101837158203,16.988415,,12.399374,,943,gt1r,processed_ATL08_20181129100805_09430114_004_01.h5
1899441,1899445,48.821327209472656,-19.410120010375977,10.72892,0.023411002,5.1773834,0.043260183,943,gt1r,processed_ATL08_20181129100805_09430114_004_01.h5
1899446,1899450,48.82122802734375,-19.40921974182129,12.934663,0.03415584,15.231901,0.07538911,943,gt1r,processed_ATL08_20181129100805_09430114_004_01.h5
1899451,1899455,48.821136474609375,-19.4083194732666,19.946465,,12.494827,,943,gt1r,processed_ATL08_20181129100805_09430114_004_01.h5
1899456,1899460,48.8210334777832,-19.407421112060547,14.028325,0.3987124,15.905426,0.42028672,943,gt1r,processed_ATL08_20181129100805_09430114_004_01.h5
1899461,1899465,48.82093048095703,-19.40652084350586,21.07437,0.8577367,20.424496,0.7824061,943,gt1r,processed_ATL08_20181129100805_09430114_004_01.h5
1899466,1899470,48.82083511352539,-19.405622482299805,22.147825,0.9106869,19.853525,1.0103797,943,gt1r,processed_ATL08_20181129100805_09430114_004_01.h5
1899471,1899475,48.820735931396484,-19.404722213745117,11.581062,0.7894289,16.619633,0.95972055,943,gt1r,processed_ATL08_20181129100805_09430114_004_01.h5
1899476,1899480,48.82063674926758,-19.403823852539062,11.066757,,16.943733,,943,gt1r,processed_ATL08_20181129100805_09430114_004_01.h5
1899481,1899485,48.82054138183594,-19.402923583984375,3.7740412,0.0027136381,,,943,gt1r,processed_ATL08_20181129100805_09430114_004_01.h5
1899486,1899490,48.82044219970703,-19.402023315429688,20.149805,,15.639217,,943,gt1r,processed_ATL08_20181129100805_09430114_004_01.h5
1899491,1899495,48.820343017578125,-19.401124954223633,30.381227,,14.727779,,943,gt1r,processed_ATL08_20181129100805_09430114_004_01.h5
1899496,1899500,48.82024383544922,-19.400224685668945,5.082093,0.0049821637,19.453815,0.041927956,943,gt1r,processed_ATL08_20181129100805_09430114_004_01.h5
1899501,1899505,48.82014083862305,-19.39932632446289,4.12483,0.0043441174,17.928343,0.027212424,943,gt1r,processed_ATL08_20181129100805_09430114_004_01.h5
1899506,1899510,48.82004165649414,-19.398426055908203,27.95709,1.3691336,21.005125,0.94393283,943,gt1r,processed_ATL08_20181129100805_09430114_004_01.h5
1899511,1899515,48.819942474365234,-19.39752769470215,29.712439,,18.490477,,943,gt1r,processed_ATL08_20181129100805_09430114_004_01.h5
1899516,1899520,48.81983947753906,-19.39662742614746,31.503168,1.417641,16.25636,0.99540704,943,gt1r,processed_ATL08_20181129100805_09430114_004_01.h5
1899521,1899525,48.819740295410156,-19.395729064941406,35.07969,2.1000364,14.494545,1.1364319,943,gt1r,processed_ATL08_20181129100805_09430114_004_01.h5
1899526,1899530,48.819644927978516,-19.39482879638672,35.95123,,13.420876,,943,gt1r,processed_ATL08_20181129100805_09430114_004_01.h5
1899531,1899535,48.819549560546875,-19.39392852783203,18.2118,,16.713932,,943,gt1r,processed_ATL08_20181129100805_09430114_004_01.h5
1899536,1899540,48.81944274902344,-19.393030166625977,8.4801855,0.10039157,18.965899,0.23094758,943,gt1r,processed_ATL08_20181129100805_09430114_004_01.h5
1899541,1899545,48.81934356689453,-19.39212989807129,8.539057,0.012056066,12.555924,0.030943116,943,gt1r,processed_ATL08_20181129100805_09430114_004_01.h5
1899546,1899550,48.81924819946289,-19.391231536865234,8.658441,0.016645392,9.963901,0.037679397,943,gt1r,processed_ATL08_20181129100805_09430114_004_01.h5
1899551,1899555,48.81914138793945,-19.39033317565918,13.607751,0.03853421,21.112131,0.114721015,943,gt1r,processed_ATL08_20181129100805_09430114_004_01.h5
1899556,1899560,48.81904220581055,-19.38943099975586,29.72215,,19.061459,,943,gt1r,processed_ATL08_20181129100805_09430114_004_01.h5
1899561,1899565,48.818946838378906,-19.388532638549805,9.814485,0.3380382,11.616427,0.16281413,943,gt1r,processed_ATL08_20181129100805_09430114_004_01.h5
1899566,1899570,48.818843841552734,-19.38763427734375,7.7201815,,16.020512,,943,gt1r,processed_ATL08_20181129100805_09430114_004_01.h5
1899571,1899575,48.81874465942383,-19.386734008789062,13.598913,0.4024486,21.533672,0.6011293,943,gt1r,processed_ATL08_20181129100805_09430114_004_01.h5
1899576,1899580,48.81864547729492,-19.385833740234375,29.402029,,26.297424,,943,gt1r,processed_ATL08_20181129100805_09430114_004_01.h5
1899581,1899585,48.81854248046875,-19.38493537902832,39.894127,0.9270876,28.97874,1.3583976,943,gt1r,processed_ATL08_20181129100805_09430114_004_01.h5
1899587,1899590,48.81843948364258,-19.384037017822266,58.15161,,30.528938,,943,gt1r,processed_ATL08_20181129100805_09430114_004_01.h5
1899591,1899595,48.818336486816406,-19.38313865661621,62.080887,,27.197681,,943,gt1r,processed_ATL08_20181129100805_09430114_004_01.h5
1899596,1899600,48.81824493408203,-19.38223648071289,57.896587,1.6189466,25.895058,1.4298608,943,gt1r,processed_ATL08_20181129100805_09430114_004_01.h5
1899601,1899605,48.818138122558594,-19.381338119506836,84.28866,,18.743378,,943,gt1r,processed_ATL08_20181129100805_09430114_004_01.h5
1899606,1899610,48.81803512573242,-19.38043975830078,89.25408,,18.4365,,943,gt1r,processed_ATL08_20181129100805_09430114_004_01.h5
1899611,1899615,48.817935943603516,-19.379539489746094,69.514465,1.9324541,14.783249,1.4629049,943,gt1r,processed_ATL08_20181129100805_09430114_004_01.h5
1899616,1899620,48.81783676147461,-19.37864112854004,57.930477,2.378172,22.820732,0.77527153,943,gt1r,processed_ATL08_20181129100805_09430114_004_01.h5
1899621,1899625,48.81773376464844,-19.37774085998535,41.9586,1.9915262,30.412193,2.2877395,943,gt1r,processed_ATL08_20181129100805_09430114_004_01.h5
1899626,1899630,48.81763458251953,-19.376842498779297,26.45724,,27.92278,,943,gt1r,processed_ATL08_20181129100805_09430114_004_01.h5
1899631,1899635,48.81753921508789,-19.37594223022461,46.794266,1.4237578,28.762392,1.3904128,943,gt1r,processed_ATL08_20181129100805_09430114_004_01.h5
1899636,1899640,48.81743240356445,-19.375043869018555,66.13864,2.3518353,13.455105,0.8311657,943,gt1r,processed_ATL08_20181129100805_09430114_004_01.h5
1899641,1899645,48.81733322143555,-19.374143600463867,38.151188,,23.773674,,943,gt1r,processed_ATL08_20181129100805_09430114_004_01.h5
1899646,1899650,48.817237854003906,-19.373245239257812,32.674664,,25.771492,,943,gt1r,processed_ATL08_20181129100805_09430114_004_01.h5
1899651,1899655,48.817134857177734,-19.372344970703125,33.92557,1.2880561,23.2747,1.304995,943,gt1r,processed_ATL08_20181129100805_09430114_004_01.h5
1899656,1899660,48.81703186035156,-19.37144660949707,26.264753,0.03314108,8.634926,0.049074735,943,gt1r,processed_ATL08_20181129100805_09430114_004_01.h5
1899661,1899665,48.816932678222656,-19.370546340942383,26.971199,0.15311882,7.922226,0.16408513,943,gt1r,processed_ATL08_20181129100805_09430114_004_01.h5
1899666,1899670,48.816837310791016,-19.369646072387695,29.798079,,10.219452,,943,gt1r,processed_ATL08_20181129100805_09430114_004_01.h5
1899671,1899675,48.816741943359375,-19.36874771118164,37.306618,1.6447011,14.2501335,0.9574201,943,gt1r,processed_ATL08_20181129100805_09430114_004_01.h5
1899676,1899680,48.8166389465332,-19.367847442626953,46.696556,1.3002628,10.678188,0.64719677,943,gt1r,processed_ATL08_20181129100805_09430114_004_01.h5
1899681,1899685,48.81653594970703,-19.3669490814209,59.55692,1.5340965,6.2874146,0.53430927,943,gt1r,processed_ATL08_20181129100805_09430114_004_01.h5
1899686,1899690,48.816436767578125,-19.36604881286621,69.89545,,8.520485,,943,gt1r,processed_ATL08_20181129100805_09430114_004_01.h5
1899691,1899695,48.81633758544922,-19.365150451660156,67.41822,1.1220953,7.6355286,1.0995347,943,gt1r,processed_ATL08_20181129100805_09430114_004_01.h5
1899696,1899700,48.81623458862305,-19.36425018310547,61.16298,0.42899665,11.351971,0.44436458,943,gt1r,processed_ATL08_20181129100805_09430114_004_01.h5
1899701,1899705,48.816139221191406,-19.363351821899414,57.9581,0.50495785,10.659538,0.7201382,943,gt1r,processed_ATL08_20181129100805_09430114_004_01.h5
1899706,1899710,48.8160400390625,-19.362451553344727,58.845978,0.8512301,8.898762,0.7189187,943,gt1r,processed_ATL08_20181129100805_09430114_004_01.h5
1899711,1899715,48.815940856933594,-19.361553192138672,61.652313,2.2871501,16.088558,1.3686646,943,gt1r,processed_ATL08_20181129100805_09430114_004_01.h5
1899716,1899720,48.81584167480469,-19.360652923583984,55.44249,0.9074705,16.910984,1.1372191,943,gt1r,processed_ATL08_20181129100805_09430114_004_01.h5
1899721,1899725,48.815738677978516,-19.359752655029297,41.725964,0.07922326,17.315422,0.13098873,943,gt1r,processed_ATL08_20181129100805_09430114_004_01.h5
1899726,1899730,48.81563949584961,-19.358854293823242,42.73278,0.054909136,15.147636,0.08409497,943,gt1r,processed_ATL08_20181129100805_09430114_004_01.h5
1899731,1899735,48.81554412841797,-19.357954025268555,42.997585,2.3813682,13.633251,1.3046983,943,gt1r,processed_ATL08_20181129100805_09430114_004_01.h5
1899736,1899740,48.81544494628906,-19.3570556640625,47.456665,3.1886368,10.280857,1.0655515,943,gt1r,processed_ATL08_20181129100805_09430114_004_01.h5
1899741,1899745,48.815345764160156,-19.356155395507812,63.839836,,11.907379,,943,gt1r,processed_ATL08_20181129100805_09430114_004_01.h5
1899746,1899750,48.81524658203125,-19.355255126953125,54.36128,1.4385688,12.778038,0.94917476,943,gt1r,processed_ATL08_20181129100805_09430114_004_01.h5
1899751,1899755,48.815147399902344,-19.35435676574707,45.550743,0.18923832,14.360878,0.24948561,943,gt1r,processed_ATL08_20181129100805_09430114_004_01.h5
1899756,1899760,48.81504821777344,-19.353456497192383,48.835823,,24.920902,,943,gt1r,processed_ATL08_20181129100805_09430114_004_01.h5
1899761,1899765,48.8149528503418,-19.352558135986328,48.041515,2.7011464,23.212872,2.1536248,943,gt1r,processed_ATL08_20181129100805_09430114_004_01.h5
1899766,1899770,48.81485366821289,-19.35165786743164,52.339737,,23.42461,,943,gt1r,processed_ATL08_20181129100805_09430114_004_01.h5
1899771,1899775,48.81475830078125,-19.350757598876953,49.753452,0.19103111,18.319378,0.27826935,943,gt1r,processed_ATL08_20181129100805_09430114_004_01.h5
1899776,1899780,48.814659118652344,-19.3498592376709,57.69991,,20.532639,,943,gt1r,processed_ATL08_20181129100805_09430114_004_01.h5
1899781,1899785,48.81455993652344,-19.34895896911621,55.83657,3.0542364,19.68282,2.0692558,943,gt1r,processed_ATL08_20181129100805_09430114_004_01.h5
1899786,1899789,48.81446075439453,-19.348060607910156,54.760006,,16.868607,,943,gt1r,processed_ATL08_20181129100805_09430114_004_01.h5
1899816,1899820,48.81387710571289,-19.342662811279297,53.428898,,19.97469,,943,gt1r,processed_ATL08_20181129100805_09430114_004_01.h5
1899821,1899825,48.81378173828125,-19.34176254272461,38.159187,2.1914907,21.047794,2.347731,943,gt1r,processed_ATL08_20181129100805_09430114_004_01.h5
1899826,1899830,48.81368637084961,-19.340862274169922,20.691055,0.1328174,17.85258,0.20724489,943,gt1r,processed_ATL08_20181129100805_09430114_004_01.h5
1899831,1899835,48.81359100341797,-19.339963912963867,41.44109,2.5357852,23.571457,1.3103467,943,gt1r,processed_ATL08_20181129100805_09430114_004_01.h5
1899836,1899840,48.81349182128906,-19.33906364440918,65.04761,,16.544716,,943,gt1r,processed_ATL08_20181129100805_09430114_004_01.h5
1899841,1899845,48.81340026855469,-19.338163375854492,71.38512,,17.488968,,943,gt1r,processed_ATL08_20181129100805_09430114_004_01.h5
1899846,1899850,48.81330108642578,-19.337263107299805,58.360916,,17.480011,,943,gt1r,processed_ATL08_20181129100805_09430114_004_01.h5
1899851,1899855,48.813201904296875,-19.336362838745117,36.638702,0.31720012,20.833889,0.48646602,943,gt1r,processed_ATL08_20181129100805_09430114_004_01.h5
1899856,1899860,48.813106536865234,-19.33546257019043,43.00697,,24.314884,,943,gt1r,processed_ATL08_20181129100805_09430114_004_01.h5
1899861,1899865,48.81301498413086,-19.334564208984375,35.26914,0.47976482,20.790806,0.55907696,943,gt1r,processed_ATL08_20181129100805_09430114_004_01.h5
1899866,1899870,48.81291961669922,-19.333663940429688,61.311134,,20.256596,,943,gt1r,processed_ATL08_20181129100805_09430114_004_01.h5
1899871,1899875,48.81282043457031,-19.332765579223633,59.586136,,14.219227,,943,gt1r,processed_ATL08_20181129100805_09430114_004_01.h5
1899876,1899880,48.81272888183594,-19.331863403320312,61.274815,3.8285804,19.762764,1.5613306,943,gt1r,processed_ATL08_20181129100805_09430114_004_01.h5
1899881,1899885,48.81263732910156,-19.330965042114258,77.65667,,25.311699,,943,gt1r,processed_ATL08_20181129100805_09430114_004_01.h5
1899886,1899890,48.81254196166992,-19.33006477355957,82.768425,,23.796722,,943,gt1r,processed_ATL08_20181129100805_09430114_004_01.h5
1899891,1899895,48.81244659423828,-19.329164505004883,73.40252,3.3638291,10.276169,1.2038375,943,gt1r,processed_ATL08_20181129100805_09430114_004_01.h5
1899896,1899900,48.81235122680664,-19.328264236450195,75.00134,,19.670227,,943,gt1r,processed_ATL08_20181129100805_09430114_004_01.h5
1899901,1899905,48.812255859375,-19.32736587524414,64.60661,,22.287354,,943,gt1r,processed_ATL08_20181129100805_09430114_004_01.h5
1899906,1899910,48.812164306640625,-19.326465606689453,56.762062,,20.690418,,943,gt1r,processed_ATL08_20181129100805_09430114_004_01.h5
1899912,1899915,48.812068939208984,-19.325565338134766,34.94527,0.3861975,15.889622,0.49535573,943,gt1r,processed_ATL08_20181129100805_09430114_004_01.h5
1899916,1899920,48.811973571777344,-19.324665069580078,51.32151,,15.210896,,943,gt1r,processed_ATL08_20181129100805_09430114_004_01.h5
1899921,1899925,48.81188201904297,-19.32376480102539,58.282204,1.4178103,8.829765,0.93314916,943,gt1r,processed_ATL08_20181129100805_09430114_004_01.h5
1899926,1899930,48.81178665161133,-19.322864532470703,62.355106,1.4244723,6.606003,1.1174117,943,gt1r,processed_ATL08_20181129100805_09430114_004_01.h5
1899931,1899935,48.81169128417969,-19.321964263916016,47.117798,,11.946667,,943,gt1r,processed_ATL08_20181129100805_09430114_004_01.h5
1899936,1899940,48.81159973144531,-19.321063995361328,23.87687,0.73052067,14.064993,0.6316142,943,gt1r,processed_ATL08_20181129100805_09430114_004_01.h5
1899941,1899945,48.81150436401367,-19.320165634155273,19.59441,,22.193165,,943,gt1r,processed_ATL08_20181129100805_09430114_004_01.h5
1899946,1899950,48.8114128112793,-19.319265365600586,16.119184,,22.112167,,943,gt1r,processed_ATL08_20181129100805_09430114_004_01.h5
1899951,1899955,48.81132507324219,-19.3183650970459,14.358177,0.8144474,22.227106,0.5438132,943,gt1r,processed_ATL08_20181129100805_09430114_004_01.h5
1899956,1899960,48.81122970581055,-19.31746482849121,11.941383,,15.64047,,943,gt1r,processed_ATL08_20181129100805_09430114_004_01.h5
1899961,1899965,48.811134338378906,-19.316564559936523,11.988118,0.06929028,8.27738,0.12363672,943,gt1r,processed_ATL08_20181129100805_09430114_004_01.h5
1899966,1899970,48.81104278564453,-19.315664291381836,10.279809,0.025523955,7.7236757,0.041387722,943,gt1r,processed_ATL08_20181129100805_09430114_004_01.h5
1899971,1899975,48.810951232910156,-19.31476402282715,19.614677,,15.429602,,943,gt1r,processed_ATL08_20181129100805_09430114_004_01.h5
1899976,1899980,48.810855865478516,-19.313865661621094,11.88138,0.04158953,13.255313,0.090373665,943,gt1r,processed_ATL08_20181129100805_09430114_004_01.h5
1899981,1899985,48.81076431274414,-19.312965393066406,11.515787,0.013356914,,,943,gt1r,processed_ATL08_20181129100805_09430114_004_01.h5
1899986,1899990,48.810672760009766,-19.31206512451172,11.921326,0.02096906,,,943,gt1r,processed_ATL08_20181129100805_09430114_004_01.h5
1899991,1899995,48.810585021972656,-19.31116485595703,19.946337,1.2614106,10.69824,0.4501245,943,gt1r,processed_ATL08_20181129100805_09430114_004_01.h5
1899996,1900000,48.81049346923828,-19.310264587402344,15.882261,0.27699772,8.080734,0.2902739,943,gt1r,processed_ATL08_20181129100805_09430114_004_01.h5
1900001,1900005,48.810401916503906,-19.309364318847656,33.36802,2.0191207,8.829327,0.9579644,943,gt1r,processed_ATL08_20181129100805_09430114_004_01.h5
1900006,1900010,48.810306549072266,-19.30846405029297,29.144066,1.4098451,8.285133,0.56492126,943,gt1r,processed_ATL08_20181129100805_09430114_004_01.h5
1900011,1900015,48.810218811035156,-19.30756378173828,20.82841,0.67836225,7.1880436,0.30186665,943,gt1r,processed_ATL08_20181129100805_09430114_004_01.h5
1900016,1900020,48.81013107299805,-19.306663513183594,13.683304,0.040734,5.8596287,0.0627502,943,gt1r,processed_ATL08_20181129100805_09430114_004_01.h5
1900021,1900025,48.81003952026367,-19.305763244628906,12.54048,0.023453318,5.9271946,0.03771295,943,gt1r,processed_ATL08_20181129100805_09430114_004_01.h5
1900026,1900030,48.8099479675293,-19.30486297607422,12.632929,0.033803284,8.604423,0.05258088,943,gt1r,processed_ATL08_20181129100805_09430114_004_01.h5
1900031,1900035,48.80986022949219,-19.30396270751953,26.159588,2.0385628,10.538679,0.5272027,943,gt1r,processed_ATL08_20181129100805_09430114_004_01.h5
1900036,1900040,48.80977249145508,-19.303062438964844,31.82688,0.9310851,9.632893,0.67090017,943,gt1r,processed_ATL08_20181129100805_09430114_004_01.h5
1900041,1900045,48.80967712402344,-19.302162170410156,12.8351555,0.037766356,6.1206894,0.06377295,943,gt1r,processed_ATL08_20181129100805_09430114_004_01.h5
1900046,1900050,48.80958557128906,-19.30126190185547,26.30941,0.3597995,8.642775,0.3492665,943,gt1r,processed_ATL08_20181129100805_09430114_004_01.h5
1900051,1900055,48.80949783325195,-19.30035972595215,29.18861,0.5785477,6.2465897,0.38134286,943,gt1r,processed_ATL08_20181129100805_09430114_004_01.h5
1900056,1900060,48.809410095214844,-19.29945945739746,19.686964,0.31324282,4.1889095,0.33317646,943,gt1r,processed_ATL08_20181129100805_09430114_004_01.h5
1900061,1900065,48.80931854248047,-19.298559188842773,19.99003,0.12752818,7.417303,0.18889564,943,gt1r,processed_ATL08_20181129100805_09430114_004_01.h5
1900066,1900070,48.809226989746094,-19.297658920288086,16.861738,0.049588293,,,943,gt1r,processed_ATL08_20181129100805_09430114_004_01.h5
1900071,1900075,48.809139251708984,-19.2967586517334,12.726071,0.025585031,15.058839,0.054782163,943,gt1r,processed_ATL08_20181129100805_09430114_004_01.h5
1900076,1900080,48.809051513671875,-19.29585838317871,17.779018,0.37491667,14.433683,0.43451992,943,gt1r,processed_ATL08_20181129100805_09430114_004_01.h5
1900081,1900085,48.808963775634766,-19.294958114624023,11.1881075,0.021392992,8.366597,0.053492937,943,gt1r,processed_ATL08_20181129100805_09430114_004_01.h5
1900086,1900090,48.808876037597656,-19.294057846069336,13.298006,0.18901,7.0631866,0.18844299,943,gt1r,processed_ATL08_20181129100805_09430114_004_01.h5
1900091,1900095,48.808780670166016,-19.29315757751465,17.462046,0.20543931,5.8990135,0.17643645,943,gt1r,processed_ATL08_20181129100805_09430114_004_01.h5
1900096,1900100,48.808692932128906,-19.29225730895996,23.160616,0.16485548,5.9343586,0.2019434,943,gt1r,processed_ATL08_20181129100805_09430114_004_01.h5
1900101,1900105,48.8086051940918,-19.291357040405273,17.780537,0.16902514,7.3678875,0.2127441,943,gt1r,processed_ATL08_20181129100805_09430114_004_01.h5
1900106,1900110,48.80851745605469,-19.290456771850586,10.759908,0.07097587,6.2579803,0.113290854,943,gt1r,processed_ATL08_20181129100805_09430114_004_01.h5
1900111,1900115,48.80842971801758,-19.2895565032959,11.567333,0.0441267,6.285533,0.06805805,943,gt1r,processed_ATL08_20181129100805_09430114_004_01.h5
1900116,1900120,48.8083381652832,-19.28865623474121,10.212534,0.0385506,3.9572573,0.05599247,943,gt1r,processed_ATL08_20181129100805_09430114_004_01.h5
1900121,1900125,48.80824661254883,-19.287755966186523,12.448034,0.07071304,2.391449,0.10942099,943,gt1r,processed_ATL08_20181129100805_09430114_004_01.h5
1900126,1900130,48.808162689208984,-19.286853790283203,13.306358,0.029158743,,,943,gt1r,processed_ATL08_20181129100805_09430114_004_01.h5
1900131,1900135,48.80807113647461,-19.285953521728516,16.518488,0.049377237,6.621908,0.06695643,943,gt1r,processed_ATL08_20181129100805_09430114_004_01.h5
1900136,1900140,48.8079833984375,-19.285053253173828,17.652477,0.21528922,7.3575935,0.18231806,943,gt1r,processed_ATL08_20181129100805_09430114_004_01.h5
1900141,1900145,48.80789566040039,-19.28415298461914,26.408234,0.4074124,5.344347,0.3267401,943,gt1r,processed_ATL08_20181129100805_09430114_004_01.h5
1900146,1900150,48.80780792236328,-19.283252716064453,35.48081,1.2794722,18.179344,0.91749716,943,gt1r,processed_ATL08_20181129100805_09430114_004_01.h5
1900151,1900155,48.807716369628906,-19.282352447509766,41.179504,1.7175285,14.0447235,1.0908428,943,gt1r,processed_ATL08_20181129100805_09430114_004_01.h5
1900156,1900160,48.8076286315918,-19.281452178955078,54.426193,2.017618,14.201748,1.4280006,943,gt1r,processed_ATL08_20181129100805_09430114_004_01.h5
1900161,1900165,48.80754470825195,-19.28055191040039,73.549675,,12.693192,,943,gt1r,processed_ATL08_20181129100805_09430114_004_01.h5
1900166,1900170,48.80746078491211,-19.27964973449707,62.261005,0.90650105,10.670795,1.0333288,943,gt1r,processed_ATL08_20181129100805_09430114_004_01.h5
1900171,1900175,48.807373046875,-19.278749465942383,101.43451,,8.068504,,943,gt1r,processed_ATL08_20181129100805_09430114_004_01.h5
1900176,1900180,48.80727767944336,-19.277849197387695,82.61533,2.5022004,6.8132553,1.1245059,943,gt1r,processed_ATL08_20181129100805_09430114_004_01.h5
1900181,1900185,48.80718994140625,-19.276948928833008,82.74066,2.9769428,13.077522,0.99931383,943,gt1r,processed_ATL08_20181129100805_09430114_004_01.h5
1900186,1900190,48.80710220336914,-19.27604866027832,60.645657,0.15840001,7.9719543,0.21677151,943,gt1r,processed_ATL08_20181129100805_09430114_004_01.h5
1900191,1900195,48.80701446533203,-19.275148391723633,60.914978,0.11126816,4.87022,0.15918986,943,gt1r,processed_ATL08_20181129100805_09430114_004_01.h5
1900196,1900200,48.80693054199219,-19.274248123168945,60.937347,0.17844044,4.6708527,0.18807346,943,gt1r,processed_ATL08_20181129100805_09430114_004_01.h5
1900201,1900205,48.806846618652344,-19.273345947265625,63.591988,0.21125609,4.7252884,0.22397336,943,gt1r,processed_ATL08_20181129100805_09430114_004_01.h5
1900206,1900210,48.80675506591797,-19.272445678710938,77.723114,1.9663681,8.927307,1.5114139,943,gt1r,processed_ATL08_20181129100805_09430114_004_01.h5
1900211,1900215,48.806671142578125,-19.27154541015625,92.12394,2.4995599,8.950729,1.3841665,943,gt1r,processed_ATL08_20181129100805_09430114_004_01.h5
1900216,1900220,48.80657958984375,-19.270645141601562,111.94893,4.270203,7.1912994,1.2011937,943,gt1r,processed_ATL08_20181129100805_09430114_004_01.h5
1900221,1900225,48.806488037109375,-19.269744873046875,122.266266,6.4550734,14.538544,1.4832046,943,gt1r,processed_ATL08_20181129100805_09430114_004_01.h5
1900226,1900230,48.80640411376953,-19.268844604492188,126.163124,6.3315682,10.890488,2.2029588,943,gt1r,processed_ATL08_20181129100805_09430114_004_01.h5
1900231,1900235,48.80631637573242,-19.2679443359375,129.62148,,9.117676,,943,gt1r,processed_ATL08_20181129100805_09430114_004_01.h5
1900236,1900240,48.80622863769531,-19.267044067382812,151.53581,,9.118515,,943,gt1r,processed_ATL08_20181129100805_09430114_004_01.h5
1900241,1900245,48.8061408996582,-19.266141891479492,143.51013,,12.115967,,943,gt1r,processed_ATL08_20181129100805_09430114_004_01.h5
1900246,1900250,48.806053161621094,-19.265241622924805,140.96709,,16.176483,,943,gt1r,processed_ATL08_20181129100805_09430114_004_01.h5
1900251,1900255,48.805965423583984,-19.264341354370117,126.07348,3.1793954,11.165543,2.849233,943,gt1r,processed_ATL08_20181129100805_09430114_004_01.h5
1900256,1900260,48.80587387084961,-19.26344108581543,145.2407,4.49404,12.583115,2.6264017,943,gt1r,processed_ATL08_20181129100805_09430114_004_01.h5
1900261,1900265,48.8057861328125,-19.262540817260742,164.44743,4.8074512,6.450836,1.9410154,943,gt1r,processed_ATL08_20181129100805_09430114_004_01.h5
1900266,1900270,48.80569839477539,-19.261640548706055,171.619,17.15956,8.343918,5.1298895,943,gt1r,processed_ATL08_20181129100805_09430114_004_01.h5
1900271,1900275,48.80561065673828,-19.260740280151367,187.71031,8.077225,10.202744,4.202408,943,gt1r,processed_ATL08_20181129100805_09430114_004_01.h5
1900276,1900280,48.80552291870117,-19.259838104248047,200.41177,18.338688,7.0080566,4.2392116,943,gt1r,processed_ATL08_20181129100805_09430114_004_01.h5
1900281,1900285,48.80543518066406,-19.25893783569336,205.99106,7.926153,9.2855835,4.1207037,943,gt1r,processed_ATL08_20181129100805_09430114_004_01.h5
1900286,1900290,48.80534362792969,-19.258037567138672,211.45844,2.6072483,13.446243,2.822967,943,gt1r,processed_ATL08_20181129100805_09430114_004_01.h5
1900291,1900295,48.80525588989258,-19.257137298583984,214.40878,5.053989,12.821182,4.30121,943,gt1r,processed_ATL08_20181129100805_09430114_004_01.h5
1900296,1900300,48.80516815185547,-19.256237030029297,203.31819,5.5038457,12.907486,6.1811986,943,gt1r,processed_ATL08_20181129100805_09430114_004_01.h5
1900301,1900305,48.80508041381836,-19.25533676147461,204.28372,1.7712269,11.520187,2.228041,943,gt1r,processed_ATL08_20181129100805_09430114_004_01.h5
1900306,1900310,48.80499267578125,-19.254436492919922,197.8561,1.8622644,7.698822,1.8488978,943,gt1r,processed_ATL08_20181129100805_09430114_004_01.h5
1900311,1900315,48.804908752441406,-19.253536224365234,240.28766,6.4384117,14.285004,2.566339,943,gt1r,processed_ATL08_20181129100805_09430114_004_01.h5
1900316,1900320,48.80481719970703,-19.252635955810547,245.04283,9.106693,11.672073,4.330761,943,gt1r,processed_ATL08_20181129100805_09430114_004_01.h5
1900321,1900325,48.80472183227539,-19.25173568725586,267.4876,,6.205017,,943,gt1r,processed_ATL08_20181129100805_09430114_004_01.h5
1900326,1900330,48.80463409423828,-19.250835418701172,271.75583,3.198319,6.048889,3.4849596,943,gt1r,processed_ATL08_20181129100805_09430114_004_01.h5
1900331,1900335,48.80454635620117,-19.24993324279785,281.45758,2.5646446,6.3506775,3.2639573,943,gt1r,processed_ATL08_20181129100805_09430114_004_01.h5
1900336,1900340,48.80445861816406,-19.249032974243164,290.69608,4.0250278,4.25943,4.582282,943,gt1r,processed_ATL08_20181129100805_09430114_004_01.h5
1900341,1900345,48.80437088012695,-19.248132705688477,303.2291,4.200665,3.740631,5.2499924,943,gt1r,processed_ATL08_20181129100805_09430114_004_01.h5
1900346,1900350,48.804283142089844,-19.24723243713379,295.78323,,11.948547,,943,gt1r,processed_ATL08_20181129100805_09430114_004_01.h5
1900351,1900355,48.804195404052734,-19.2463321685791,283.76157,,18.011353,,943,gt1r,processed_ATL08_20181129100805_09430114_004_01.h5
1900356,1900360,48.80410385131836,-19.245431900024414,253.40773,10.558299,10.1844635,4.5847263,943,gt1r,processed_ATL08_20181129100805_09430114_004_01.h5
1900361,1900365,48.804012298583984,-19.244531631469727,244.1578,4.1155233,7.526245,2.6536527,943,gt1r,processed_ATL08_20181129100805_09430114_004_01.h5
1900366,1900370,48.80392074584961,-19.24363136291504,232.28424,11.372561,7.941025,1.9843347,943,gt1r,processed_ATL08_20181129100805_09430114_004_01.h5
1900371,1900375,48.8038330078125,-19.24273109436035,219.46169,,7.861084,,943,gt1r,processed_ATL08_20181129100805_09430114_004_01.h5
1900376,1900380,48.80374526977539,-19.241830825805664,215.21663,8.385772,10.512009,2.2122977,943,gt1r,processed_ATL08_20181129100805_09430114_004_01.h5
1900381,1900385,48.80365753173828,-19.240930557250977,235.85416,7.633515,10.374405,2.9116738,943,gt1r,processed_ATL08_20181129100805_09430114_004_01.h5
1900386,1900390,48.803565979003906,-19.24003028869629,229.66011,12.914803,8.103729,8.716143,943,gt1r,processed_ATL08_20181129100805_09430114_004_01.h5
1900391,1900395,48.80349349975586,-19.239309310913086,221.93324,1.0327866,9.658386,1.2908102,943,gt1r,processed_ATL08_20181129100805_09430114_004_01.h5
1900396,1900400,48.80338668823242,-19.238229751586914,251.04515,8.732464,12.402176,7.1095605,943,gt1r,processed_ATL08_20181129100805_09430114_004_01.h5
1900401,1900405,48.80329513549805,-19.237327575683594,278.0919,19.738035,10.145508,3.5290349,943,gt1r,processed_ATL08_20181129100805_09430114_004_01.h5
1900406,1900410,48.80320739746094,-19.23642921447754,300.92404,9.569729,15.896881,7.295744,943,gt1r,processed_ATL08_20181129100805_09430114_004_01.h5
1900411,1900415,48.80311965942383,-19.23552703857422,328.11533,14.215967,20.212067,9.690049,943,gt1r,processed_ATL08_20181129100805_09430114_004_01.h5
1900416,1900420,48.80302810668945,-19.23462677001953,358.5542,20.426283,20.237518,10.694606,943,gt1r,processed_ATL08_20181129100805_09430114_004_01.h5
1900421,1900425,48.802940368652344,-19.233726501464844,421.78607,,24.108154,,943,gt1r,processed_ATL08_20181129100805_09430114_004_01.h5
1900426,1900430,48.802852630615234,-19.232826232910156,437.6375,33.508007,20.756592,16.153963,943,gt1r,processed_ATL08_20181129100805_09430114_004_01.h5
1900431,1900435,48.80276107788086,-19.23192596435547,428.8461,26.795153,16.2099,11.856393,943,gt1r,processed_ATL08_20181129100805_09430114_004_01.h5
1900436,1900440,48.80266571044922,-19.23102569580078,419.6762,20.012133,14.915588,10.963944,943,gt1r,processed_ATL08_20181129100805_09430114_004_01.h5
1900441,1900445,48.802574157714844,-19.230125427246094,434.80975,21.925732,21.878387,12.869759,943,gt1r,processed_ATL08_20181129100805_09430114_004_01.h5
1900446,1900450,48.802486419677734,-19.229225158691406,443.10056,15.827847,20.30606,12.315417,943,gt1r,processed_ATL08_20181129100805_09430114_004_01.h5
1900451,1900455,48.80239486694336,-19.22832489013672,388.94666,10.356927,21.33728,9.439889,943,gt1r,processed_ATL08_20181129100805_09430114_004_01.h5
1900456,1900460,48.80229949951172,-19.227426528930664,357.41104,1.5206558,11.127411,2.066778,943,gt1r,processed_ATL08_20181129100805_09430114_004_01.h5
1900461,1900465,48.802207946777344,-19.226524353027344,351.03174,1.4480252,7.16156,1.5271201,943,gt1r,processed_ATL08_20181129100805_09430114_004_01.h5
1900466,1900470,48.802120208740234,-19.225624084472656,368.59933,8.829334,6.2437744,2.9030128,943,gt1r,processed_ATL08_20181129100805_09430114_004_01.h5
1900471,1900475,48.802024841308594,-19.2247257232666,353.62256,3.5070398,6.4020386,4.4183826,943,gt1r,processed_ATL08_20181129100805_09430114_004_01.h5
1900476,1900480,48.80192947387695,-19.223825454711914,364.6987,5.812727,15.046448,4.7058783,943,gt1r,processed_ATL08_20181129100805_09430114_004_01.h5
1900481,1900485,48.801841735839844,-19.222925186157227,364.67624,7.999194,15.560059,4.042808,943,gt1r,processed_ATL08_20181129100805_09430114_004_01.h5
1900486,1900490,48.80175018310547,-19.22202491760254,349.92303,21.867365,9.9644165,5.880935,943,gt1r,processed_ATL08_20181129100805_09430114_004_01.h5
1900491,1900495,48.80165481567383,-19.22112464904785,338.57614,6.6261725,11.282288,2.7606866,943,gt1r,processed_ATL08_20181129100805_09430114_004_01.h5
1900496,1900500,48.80156326293945,-19.220224380493164,331.46054,1.2630727,5.7745667,1.7520858,943,gt1r,processed_ATL08_20181129100805_09430114_004_01.h5
1900501,1900505,48.80146789550781,-19.219324111938477,339.47256,,12.468689,,943,gt1r,processed_ATL08_20181129100805_09430114_004_01.h5
1900506,1900510,48.80137252807617,-19.21842384338379,339.5302,5.56297,5.3555603,7.011643,943,gt1r,processed_ATL08_20181129100805_09430114_004_01.h5
1900511,1900515,48.8012809753418,-19.217525482177734,341.16208,3.1347685,5.130951,4.1878424,943,gt1r,processed_ATL08_20181129100805_09430114_004_01.h5
1900516,1900520,48.80118942260742,-19.216623306274414,341.42715,1.4394429,5.162323,1.4246572,943,gt1r,processed_ATL08_20181129100805_09430114_004_01.h5
1900521,1900525,48.80109786987305,-19.21572494506836,343.35895,17.754593,9.703217,3.4730034,943,gt1r,processed_ATL08_20181129100805_09430114_004_01.h5
1900526,1900530,48.801002502441406,-19.214824676513672,342.68704,20.085184,8.980835,8.583305,943,gt1r,processed_ATL08_20181129100805_09430114_004_01.h5
1900531,1900535,48.800907135009766,-19.213924407958984,345.25146,26.3672,8.017944,4.1545525,943,gt1r,processed_ATL08_20181129100805_09430114_004_01.h5
1900536,1900540,48.800811767578125,-19.213024139404297,330.80643,16.005142,10.232269,9.005628,943,gt1r,processed_ATL08_20181129100805_09430114_004_01.h5
1900541,1900545,48.80072021484375,-19.212125778198242,309.09872,5.324567,8.090149,4.6988726,943,gt1r,processed_ATL08_20181129100805_09430114_004_01.h5
1900546,1900550,48.80062484741211,-19.211225509643555,298.96854,2.815094,8.537323,2.4832869,943,gt1r,processed_ATL08_20181129100805_09430114_004_01.h5
1900551,1900555,48.80052947998047,-19.210325241088867,294.51025,2.2180307,9.685883,1.8830209,943,gt1r,processed_ATL08_20181129100805_09430114_004_01.h5
1900556,1900560,48.800437927246094,-19.20942497253418,287.49054,0.20046991,,,943,gt1r,processed_ATL08_20181129100805_09430114_004_01.h5
1900561,1900565,48.80034255981445,-19.208524703979492,287.64474,0.42179167,12.539764,0.57705396,943,gt1r,processed_ATL08_20181129100805_09430114_004_01.h5
1900566,1900570,48.80024719238281,-19.207624435424805,287.167,3.5453227,16.737335,3.881602,943,gt1r,processed_ATL08_20181129100805_09430114_004_01.h5
1900571,1900575,48.800148010253906,-19.20672607421875,287.4886,3.1454375,14.056549,2.7238986,943,gt1r,processed_ATL08_20181129100805_09430114_004_01.h5
1900576,1900580,48.800052642822266,-19.205825805664062,286.63757,0.69073695,4.4151917,0.8239111,943,gt1r,processed_ATL08_20181129100805_09430114_004_01.h5
1900581,1900585,48.799957275390625,-19.204925537109375,274.2567,1.8067491,9.911041,1.9370875,943,gt1r,processed_ATL08_20181129100805_09430114_004_01.h5
1900586,1900590,48.799861907958984,-19.204025268554688,269.66287,0.71133333,8.728394,0.8795587,943,gt1r,processed_ATL08_20181129100805_09430114_004_01.h5
1900591,1900595,48.79976272583008,-19.203126907348633,266.73486,0.18562418,6.2212524,0.26549175,943,gt1r,processed_ATL08_20181129100805_09430114_004_01.h5
1900596,1900600,48.7996711730957,-19.202226638793945,275.5087,13.503733,8.382263,3.2769706,943,gt1r,processed_ATL08_20181129100805_09430114_004_01.h5
1900601,1900605,48.7995719909668,-19.201326370239258,279.16315,12.141459,6.5025635,3.5227551,943,gt1r,processed_ATL08_20181129100805_09430114_004_01.h5
1900606,1900610,48.799476623535156,-19.20042610168457,267.37598,12.613627,11.697845,4.6044054,943,gt1r,processed_ATL08_20181129100805_09430114_004_01.h5
1900611,1900615,48.799381256103516,-19.199527740478516,263.6213,,24.925873,,943,gt1r,processed_ATL08_20181129100805_09430114_004_01.h5
1900616,1900620,48.79928207397461,-19.198627471923828,262.8886,,29.546173,,943,gt1r,processed_ATL08_20181129100805_09430114_004_01.h5
1900621,1900625,48.79918670654297,-19.19772720336914,255.98175,0.9169984,8.950134,1.2626085,943,gt1r,processed_ATL08_20181129100805_09430114_004_01.h5
1900626,1900630,48.79908752441406,-19.196828842163086,254.04628,,10.220215,,943,gt1r,processed_ATL08_20181129100805_09430114_004_01.h5
1900631,1900635,48.79899215698242,-19.1959285736084,252.28029,6.285289,6.5277863,5.4582286,943,gt1r,processed_ATL08_20181129100805_09430114_004_01.h5
1900636,1900640,48.798892974853516,-19.19502830505371,249.73283,1.3372605,9.643356,1.181106,943,gt1r,processed_ATL08_20181129100805_09430114_004_01.h5
1900641,1900645,48.798797607421875,-19.194129943847656,248.26501,0.27783164,4.8438416,0.34800568,943,gt1r,processed_ATL08_20181129100805_09430114_004_01.h5
1900646,1900650,48.79869842529297,-19.19322967529297,248.77156,0.5604587,6.5226135,0.6359271,943,gt1r,processed_ATL08_20181129100805_09430114_004_01.h5
1900651,1900655,48.7985954284668,-19.192331314086914,251.53993,0.6388903,8.742386,0.87068623,943,gt1r,processed_ATL08_20181129100805_09430114_004_01.h5
1900656,1900660,48.798500061035156,-19.191431045532227,267.4537,14.013876,12.823761,4.873936,943,gt1r,processed_ATL08_20181129100805_09430114_004_01.h5
1900661,1900665,48.798404693603516,-19.19053077697754,265.3137,11.912177,8.755035,2.9520123,943,gt1r,processed_ATL08_20181129100805_09430114_004_01.h5
1900666,1900670,48.798301696777344,-19.189632415771484,260.90765,0.3649479,8.096222,0.51647687,943,gt1r,processed_ATL08_20181129100805_09430114_004_01.h5
1900671,1900675,48.7982063293457,-19.188732147216797,276.15875,10.671477,10.5425415,3.0484512,943,gt1r,processed_ATL08_20181129100805_09430114_004_01.h5
1900676,1900680,48.7981071472168,-19.18783187866211,283.47565,3.7701285,4.0028687,4.78883,943,gt1r,processed_ATL08_20181129100805_09430114_004_01.h5
1900681,1900685,48.79800796508789,-19.186933517456055,284.11414,5.1635823,4.8706055,5.0522294,943,gt1r,processed_ATL08_20181129100805_09430114_004_01.h5
1900686,1900690,48.79790496826172,-19.186033248901367,291.78326,4.382009,4.841217,3.12829,943,gt1r,processed_ATL08_20181129100805_09430114_004_01.h5
1900691,1900695,48.79780960083008,-19.185134887695312,310.86157,10.046904,6.0310974,2.4612908,943,gt1r,processed_ATL08_20181129100805_09430114_004_01.h5
1900696,1900700,48.79771423339844,-19.184234619140625,314.14236,5.4333525,6.251709,5.534543,943,gt1r,processed_ATL08_20181129100805_09430114_004_01.h5
1900701,1900705,48.7976188659668,-19.183334350585938,324.24924,6.1724477,20.182251,5.789238,943,gt1r,processed_ATL08_20181129100805_09430114_004_01.h5
1900706,1900710,48.797515869140625,-19.182435989379883,329.72992,,22.84497,,943,gt1r,processed_ATL08_20181129100805_09430114_004_01.h5
1900711,1900715,48.79741668701172,-19.181535720825195,320.30685,7.096606,8.557434,4.557528,943,gt1r,processed_ATL08_20181129100805_09430114_004_01.h5
1900716,1900720,48.79731750488281,-19.18063735961914,318.13828,10.231215,8.973267,3.6236184,943,gt1r,processed_ATL08_20181129100805_09430114_004_01.h5
1900721,1900725,48.79721450805664,-19.179737091064453,315.94168,,14.380127,,943,gt1r,processed_ATL08_20181129100805_09430114_004_01.h5
1900726,1900730,48.79711151123047,-19.1788387298584,312.50092,1.3303981,8.856476,1.8848939,943,gt1r,processed_ATL08_20181129100805_09430114_004_01.h5
1900731,1900735,48.79701614379883,-19.17793846130371,312.97528,2.9254096,9.754547,3.1807115,943,gt1r,processed_ATL08_20181129100805_09430114_004_01.h5
1900736,1900740,48.79692077636719,-19.177038192749023,312.6088,3.7157815,8.951874,2.757765,943,gt1r,processed_ATL08_20181129100805_09430114_004_01.h5
1900741,1900745,48.79682159423828,-19.17613983154297,313.31274,1.8418028,6.1356506,2.1213162,943,gt1r,processed_ATL08_20181129100805_09430114_004_01.h5
1900746,1900750,48.79671859741211,-19.17523956298828,316.02557,19.676985,9.277008,3.443038,943,gt1r,processed_ATL08_20181129100805_09430114_004_01.h5
1900751,1900755,48.7966194152832,-19.174341201782227,311.02966,0.32743877,8.091431,0.45293593,943,gt1r,processed_ATL08_20181129100805_09430114_004_01.h5
1900756,1900760,48.79651641845703,-19.17344093322754,311.43008,3.946013,12.816681,2.869875,943,gt1r,processed_ATL08_20181129100805_09430114_004_01.h5
1900761,1900765,48.796417236328125,-19.172542572021484,308.03775,,13.717957,,943,gt1r,processed_ATL08_20181129100805_09430114_004_01.h5
1900766,1900770,48.796321868896484,-19.171642303466797,301.34616,8.913162,5.1848755,4.4763346,943,gt1r,processed_ATL08_20181129100805_09430114_004_01.h5
1900771,1900775,48.79622268676758,-19.17074203491211,302.97638,3.4434817,7.2593994,4.0667753,943,gt1r,processed_ATL08_20181129100805_09430114_004_01.h5
1900776,1900780,48.796119689941406,-19.169843673706055,303.78516,,13.73761,,943,gt1r,processed_ATL08_20181129100805_09430114_004_01.h5
1900781,1900785,48.7960205078125,-19.168943405151367,307.4908,4.6733465,12.339935,5.907801,943,gt1r,processed_ATL08_20181129100805_09430114_004_01.h5
1900786,1900790,48.79592514038086,-19.168045043945312,332.5878,20.705368,6.023407,4.067,943,gt1r,processed_ATL08_20181129100805_09430114_004_01.h5
1900791,1900795,48.79581832885742,-19.167144775390625,339.3046,2.831463,5.5075684,3.8687649,943,gt1r,processed_ATL08_20181129100805_09430114_004_01.h5
1900796,1900800,48.79571533203125,-19.16624641418457,351.2632,3.4736657,6.168701,3.866228,943,gt1r,processed_ATL08_20181129100805_09430114_004_01.h5
1900801,1900805,48.79561996459961,-19.165346145629883,354.3536,10.772356,4.848572,7.01309,943,gt1r,processed_ATL08_20181129100805_09430114_004_01.h5
1900806,1900810,48.7955207824707,-19.164447784423828,360.08972,2.996367,4.5780945,3.235238,943,gt1r,processed_ATL08_20181129100805_09430114_004_01.h5
1900811,1900815,48.79541778564453,-19.16354751586914,354.39673,5.0002418,7.702301,3.9806058,943,gt1r,processed_ATL08_20181129100805_09430114_004_01.h5
1900816,1900820,48.795318603515625,-19.162649154663086,337.9298,6.3834586,8.560822,6.034835,943,gt1r,processed_ATL08_20181129100805_09430114_004_01.h5
1900821,1900825,48.79521942138672,-19.1617488861084,325.59622,4.199592,7.8493347,3.4804678,943,gt1r,processed_ATL08_20181129100805_09430114_004_01.h5
1900826,1900830,48.79511642456055,-19.160850524902344,315.19025,16.373138,13.056244,7.1353498,943,gt1r,processed_ATL08_20181129100805_09430114_004_01.h5
1900831,1900835,48.795013427734375,-19.159950256347656,290.88846,21.953672,14.476654,6.3993034,943,gt1r,processed_ATL08_20181129100805_09430114_004_01.h5
1900836,1900840,48.79491424560547,-19.1590518951416,271.92776,8.800306,18.48111,9.685039,943,gt1r,processed_ATL08_20181129100805_09430114_004_01.h5
1900841,1900845,48.79481506347656,-19.158151626586914,261.09964,,21.21347,,943,gt1r,processed_ATL08_20181129100805_09430114_004_01.h5
1900846,1900850,48.79471206665039,-19.15725326538086,237.29604,0.4581272,10.903397,0.63194454,943,gt1r,processed_ATL08_20181129100805_09430114_004_01.h5
1900851,1900855,48.794612884521484,-19.156352996826172,236.13788,,23.10608,,943,gt1r,processed_ATL08_20181129100805_09430114_004_01.h5
1900856,1900860,48.794517517089844,-19.155452728271484,231.6267,0.22112878,18.542145,0.32370174,943,gt1r,processed_ATL08_20181129100805_09430114_004_01.h5
1900861,1900865,48.79441452026367,-19.15455436706543,230.38112,0.2508552,,,943,gt1r,processed_ATL08_20181129100805_09430114_004_01.h5
1900866,1900870,48.794307708740234,-19.153656005859375,229.2373,0.24999988,,,943,gt1r,processed_ATL08_20181129100805_09430114_004_01.h5
1900871,1900875,48.794212341308594,-19.152755737304688,243.18896,11.024096,14.768494,4.2338347,943,gt1r,processed_ATL08_20181129100805_09430114_004_01.h5
1900876,1900880,48.79411697387695,-19.15185546875,246.52524,,25.517456,,943,gt1r,processed_ATL08_20181129100805_09430114_004_01.h5
1900881,1900885,48.79401397705078,-19.150957107543945,229.81891,1.1089625,19.71164,1.2924299,943,gt1r,processed_ATL08_20181129100805_09430114_004_01.h5
1900886,1900890,48.79391098022461,-19.150056838989258,228.56177,9.523267,7.4364777,4.4699926,943,gt1r,processed_ATL08_20181129100805_09430114_004_01.h5
1900891,1900895,48.7938117980957,-19.149158477783203,222.18726,1.7543691,14.400238,1.5475867,943,gt1r,processed_ATL08_20181129100805_09430114_004_01.h5
1900896,1900900,48.7937126159668,-19.148258209228516,226.06392,,18.003967,,943,gt1r,processed_ATL08_20181129100805_09430114_004_01.h5
1900901,1900905,48.79361343383789,-19.14735984802246,228.0256,6.1945834,10.989975,3.260185,943,gt1r,processed_ATL08_20181129100805_09430114_004_01.h5
1900906,1900910,48.793514251708984,-19.146459579467773,237.44597,,14.11377,,943,gt1r,processed_ATL08_20181129100805_09430114_004_01.h5
1900911,1900915,48.79341506958008,-19.145559310913086,236.20123,8.483916,11.110718,3.5974667,943,gt1r,processed_ATL08_20181129100805_09430114_004_01.h5
1900916,1900920,48.79331588745117,-19.14466094970703,217.9562,0.26992872,11.792465,0.3751227,943,gt1r,processed_ATL08_20181129100805_09430114_004_01.h5
1900921,1900925,48.793212890625,-19.143760681152344,216.62329,0.727044,7.9082794,0.6284367,943,gt1r,processed_ATL08_20181129100805_09430114_004_01.h5
1900926,1900930,48.793113708496094,-19.14286231994629,217.72804,0.42944577,6.662033,0.5105186,943,gt1r,processed_ATL08_20181129100805_09430114_004_01.h5
1900931,1900935,48.79301452636719,-19.1419620513916,223.87451,0.32008967,26.150421,0.43291393,943,gt1r,processed_ATL08_20181129100805_09430114_004_01.h5
1900936,1900940,48.792911529541016,-19.141063690185547,229.80122,,36.738297,,943,gt1r,processed_ATL08_20181129100805_09430114_004_01.h5
1900941,1900945,48.79281234741211,-19.14016342163086,230.20418,0.40020162,15.628632,0.58447415,943,gt1r,processed_ATL08_20181129100805_09430114_004_01.h5
1900946,1900950,48.7927131652832,-19.139265060424805,248.57423,,21.61139,,943,gt1r,processed_ATL08_20181129100805_09430114_004_01.h5
1900951,1900955,48.7926139831543,-19.138364791870117,241.3143,1.2298473,13.12825,1.678811,943,gt1r,processed_ATL08_20181129100805_09430114_004_01.h5
1900956,1900960,48.792518615722656,-19.13746452331543,237.10129,0.7240377,8.6393585,0.9408237,943,gt1r,processed_ATL08_20181129100805_09430114_004_01.h5
1900961,1900965,48.792415618896484,-19.136566162109375,243.07956,,14.4170685,,943,gt1r,processed_ATL08_20181129100805_09430114_004_01.h5
1900966,1900970,48.79231643676758,-19.135665893554688,236.47916,0.22642136,4.915146,0.32002813,943,gt1r,processed_ATL08_20181129100805_09430114_004_01.h5
1900971,1900975,48.79221725463867,-19.134767532348633,236.68463,1.2542734,9.759613,1.2202389,943,gt1r,processed_ATL08_20181129100805_09430114_004_01.h5
1900976,1900980,48.792118072509766,-19.133867263793945,235.86153,0.6572801,13.293625,0.8827092,943,gt1r,processed_ATL08_20181129100805_09430114_004_01.h5
1900981,1900985,48.792022705078125,-19.13296890258789,237.51888,0.14794411,10.507477,0.21357703,943,gt1r,processed_ATL08_20181129100805_09430114_004_01.h5
1900986,1900990,48.79192352294922,-19.132068634033203,237.97993,0.39615604,11.380066,0.52350074,943,gt1r,processed_ATL08_20181129100805_09430114_004_01.h5
1900991,1900995,48.79182815551758,-19.131168365478516,238.84958,0.2444464,11.2213745,0.34500974,943,gt1r,processed_ATL08_20181129100805_09430114_004_01.h5
1900996,1901000,48.79172897338867,-19.13027000427246,254.19473,,9.945602,,943,gt1r,processed_ATL08_20181129100805_09430114_004_01.h5
1901001,1901005,48.791629791259766,-19.129369735717773,267.93976,,14.185944,,943,gt1r,processed_ATL08_20181129100805_09430114_004_01.h5
1901006,1901010,48.79153060913086,-19.128469467163086,253.40836,0.2571672,19.041412,0.36487105,943,gt1r,processed_ATL08_20181129100805_09430114_004_01.h5
1901011,1901014,48.79143524169922,-19.12757110595703,254.70874,0.62069696,25.634003,0.808226,943,gt1r,processed_ATL08_20181129100805_09430114_004_01.h5
1901016,1901020,48.79133605957031,-19.126670837402344,277.9568,,25.370483,,943,gt1r,processed_ATL08_20181129100805_09430114_004_01.h5
1901021,1901025,48.79124069213867,-19.125770568847656,309.27548,13.773609,17.135193,4.458848,943,gt1r,processed_ATL08_20181129100805_09430114_004_01.h5
1901061,1901065,48.790462493896484,-19.118574142456055,313.7265,12.069467,9.410828,6.899621,943,gt1r,processed_ATL08_20181129100805_09430114_004_01.h5
1901066,1901070,48.79037094116211,-19.117673873901367,311.60263,,12.010498,,943,gt1r,processed_ATL08_20181129100805_09430114_004_01.h5
1901071,1901075,48.790279388427734,-19.11677360534668,296.69153,,15.615387,,943,gt1r,processed_ATL08_20181129100805_09430114_004_01.h5
1901076,1901079,48.790184020996094,-19.115873336791992,280.328,13.449921,20.356018,6.2149734,943,gt1r,processed_ATL08_20181129100805_09430114_004_01.h5
1901081,1901085,48.79008483886719,-19.114973068237305,291.82248,,40.55316,,943,gt1r,processed_ATL08_20181129100805_09430114_004_01.h5
1901086,1901090,48.78998565673828,-19.11407470703125,292.06992,,49.1416,,943,gt1r,processed_ATL08_20181129100805_09430114_004_01.h5
1901093,1901095,48.789894104003906,-19.11317253112793,292.28397,,31.076508,,943,gt1r,processed_ATL08_20181129100805_09430114_004_01.h5
1901096,1901100,48.789798736572266,-19.112274169921875,300.69592,,29.7583,,943,gt1r,processed_ATL08_20181129100805_09430114_004_01.h5
1901101,1901105,48.78970718383789,-19.11137580871582,293.28357,,28.53778,,943,gt1r,processed_ATL08_20181129100805_09430114_004_01.h5
1901106,1901110,48.78961181640625,-19.1104736328125,295.3059,,26.831879,,943,gt1r,processed_ATL08_20181129100805_09430114_004_01.h5
1901111,1901115,48.78951644897461,-19.109573364257812,295.90894,,25.8797,,943,gt1r,processed_ATL08_20181129100805_09430114_004_01.h5
1901116,1901120,48.78942108154297,-19.108675003051758,274.5195,14.842472,24.808807,4.9373713,943,gt1r,processed_ATL08_20181129100805_09430114_004_01.h5
1901121,1901125,48.789329528808594,-19.10777473449707,262.229,0.77607024,16.72171,1.0584242,943,gt1r,processed_ATL08_20181129100805_09430114_004_01.h5
1901126,1901130,48.78923416137695,-19.10687255859375,274.15375,,18.217773,,943,gt1r,processed_ATL08_20181129100805_09430114_004_01.h5
1901131,1901135,48.78913879394531,-19.105974197387695,259.5178,0.38876396,11.7387085,0.5064831,943,gt1r,processed_ATL08_20181129100805_09430114_004_01.h5
1901136,1901140,48.78904342651367,-19.105073928833008,269.0145,6.400006,20.915497,3.7640932,943,gt1r,processed_ATL08_20181129100805_09430114_004_01.h5
1901141,1901145,48.7889518737793,-19.10417366027832,273.86343,3.4106343,14.765228,3.0229993,943,gt1r,processed_ATL08_20181129100805_09430114_004_01.h5
1901146,1901150,48.788856506347656,-19.103275299072266,303.86285,18.337431,22.035126,7.140926,943,gt1r,processed_ATL08_20181129100805_09430114_004_01.h5
1901151,1901155,48.78876495361328,-19.102375030517578,319.00925,22.779163,22.00003,19.447437,943,gt1r,processed_ATL08_20181129100805_09430114_004_01.h5
1901156,1901160,48.788673400878906,-19.10147476196289,321.43137,,30.375061,,943,gt1r,processed_ATL08_20181129100805_09430114_004_01.h5
1901161,1901165,48.78858184814453,-19.100574493408203,331.1303,,32.769592,,943,gt1r,processed_ATL08_20181129100805_09430114_004_01.h5
1901166,1901170,48.788490295410156,-19.099674224853516,336.976,,39.082153,,943,gt1r,processed_ATL08_20181129100805_09430114_004_01.h5
1901173,1901175,48.78839874267578,-19.098773956298828,338.08652,,34.152313,,943,gt1r,processed_ATL08_20181129100805_09430114_004_01.h5
1901177,1901180,48.78830337524414,-19.09787368774414,338.77744,,30.605103,,943,gt1r,processed_ATL08_20181129100805_09430114_004_01.h5
1901181,1901185,48.788211822509766,-19.096973419189453,341.18472,13.485997,25.159058,7.076944,943,gt1r,processed_ATL08_20181129100805_09430114_004_01.h5
1901186,1901190,48.78812026977539,-19.096073150634766,343.44022,,33.227173,,943,gt1r,processed_ATL08_20181129100805_09430114_004_01.h5
1901192,1901195,48.78802490234375,-19.095172882080078,335.60495,,32.692688,,943,gt1r,processed_ATL08_20181129100805_09430114_004_01.h5
1901196,1901200,48.787933349609375,-19.09427261352539,336.6605,,30.408142,,943,gt1r,processed_ATL08_20181129100805_09430114_004_01.h5
1901201,1901205,48.787841796875,-19.093372344970703,335.38126,,17.810211,,943,gt1r,processed_ATL08_20181129100805_09430114_004_01.h5
1901206,1901210,48.787750244140625,-19.09247398376465,329.05704,,20.734863,,943,gt1r,processed_ATL08_20181129100805_09430114_004_01.h5
1901211,1901215,48.78765869140625,-19.09157371520996,324.14572,16.969934,20.646881,6.239661,943,gt1r,processed_ATL08_20181129100805_09430114_004_01.h5
1901216,1901220,48.787567138671875,-19.090673446655273,347.57297,,15.295319,,943,gt1r,processed_ATL08_20181129100805_09430114_004_01.h5
1901221,1901225,48.7874755859375,-19.089773178100586,347.72964,,20.980164,,943,gt1r,processed_ATL08_20181129100805_09430114_004_01.h5
1901226,1901229,48.78738784790039,-19.0888729095459,337.09692,,25.237122,,943,gt1r,processed_ATL08_20181129100805_09430114_004_01.h5
1901231,1901235,48.78730010986328,-19.08797264099121,317.04013,1.2402779,28.341675,1.6717379,943,gt1r,processed_ATL08_20181129100805_09430114_004_01.h5
1901236,1901240,48.787208557128906,-19.08707046508789,311.195,1.808797,18.472198,2.1269214,943,gt1r,processed_ATL08_20181129100805_09430114_004_01.h5
1901242,1901245,48.78711700439453,-19.086170196533203,338.87213,,18.127594,,943,gt1r,processed_ATL08_20181129100805_09430114_004_01.h5
1901246,1901250,48.787025451660156,-19.085269927978516,347.99432,,17.976318,,943,gt1r,processed_ATL08_20181129100805_09430114_004_01.h5
1901251,1901255,48.78693389892578,-19.08437156677246,337.01123,18.607302,11.582275,4.0122075,943,gt1r,processed_ATL08_20181129100805_09430114_004_01.h5
1901256,1901260,48.78684616088867,-19.08346939086914,333.64203,20.921814,11.952087,4.6099963,943,gt1r,processed_ATL08_20181129100805_09430114_004_01.h5
1901261,1901265,48.78675842285156,-19.082569122314453,331.0992,9.853161,13.140015,4.0543933,943,gt1r,processed_ATL08_20181129100805_09430114_004_01.h5
1901266,1901270,48.78666687011719,-19.081668853759766,350.99393,6.0199246,15.274597,5.258514,943,gt1r,processed_ATL08_20181129100805_09430114_004_01.h5
1901271,1901275,48.78657531738281,-19.080768585205078,363.0749,15.719882,11.905029,4.2060165,943,gt1r,processed_ATL08_20181129100805_09430114_004_01.h5
1901276,1901280,48.78648376464844,-19.079870223999023,330.98694,6.504886,23.779999,6.936164,943,gt1r,processed_ATL08_20181129100805_09430114_004_01.h5
1901281,1901285,48.78639602661133,-19.07896614074707,309.14905,,25.56723,,943,gt1r,processed_ATL08_20181129100805_09430114_004_01.h5
1901286,1901290,48.78630828857422,-19.078067779541016,288.18982,3.4379604,15.918396,3.2866895,943,gt1r,processed_ATL08_20181129100805_09430114_004_01.h5
1901291,1901295,48.786216735839844,-19.077167510986328,287.9574,6.401172,19.424683,2.9721022,943,gt1r,processed_ATL08_20181129100805_09430114_004_01.h5
1901296,1901300,48.786128997802734,-19.07626724243164,273.42212,,28.065887,,943,gt1r,processed_ATL08_20181129100805_09430114_004_01.h5
1901301,1901305,48.786041259765625,-19.075366973876953,277.22644,26.980417,26.520416,9.87062,943,gt1r,processed_ATL08_20181129100805_09430114_004_01.h5
1901306,1901310,48.785953521728516,-19.074464797973633,283.9217,,28.08548,,943,gt1r,processed_ATL08_20181129100805_09430114_004_01.h5
1901311,1901315,48.785865783691406,-19.073564529418945,276.45367,30.629137,24.802307,15.6328535,943,gt1r,processed_ATL08_20181129100805_09430114_004_01.h5
1901316,1901320,48.78577423095703,-19.072664260864258,270.25842,,21.971863,,943,gt1r,processed_ATL08_20181129100805_09430114_004_01.h5
1901321,1901325,48.78567886352539,-19.07176399230957,264.84717,,20.7836,,943,gt1r,processed_ATL08_20181129100805_09430114_004_01.h5
1901331,1901335,48.78550720214844,-19.069963455200195,242.02324,0.73599046,11.380386,0.9722695,943,gt1r,processed_ATL08_20181129100805_09430114_004_01.h5
1901336,1901340,48.78541946411133,-19.069063186645508,260.3799,,16.220734,,943,gt1r,processed_ATL08_20181129100805_09430114_004_01.h5
1901341,1901345,48.785335540771484,-19.068161010742188,275.18512,,28.676392,,943,gt1r,processed_ATL08_20181129100805_09430114_004_01.h5
1901346,1901350,48.785247802734375,-19.0672607421875,278.34183,34.632786,28.250671,19.63168,943,gt1r,processed_ATL08_20181129100805_09430114_004_01.h5
1901351,1901355,48.78515625,-19.066360473632812,267.00186,,25.828857,,943,gt1r,processed_ATL08_20181129100805_09430114_004_01.h5
1901457,1901460,48.783321380615234,-19.047449111938477,255.47446,23.312849,21.996857,5.0291395,943,gt1r,processed_ATL08_20181129100805_09430114_004_01.h5
1901461,1901465,48.783233642578125,-19.04654884338379,256.20096,8.670605,16.03183,4.764257,943,gt1r,processed_ATL08_20181129100805_09430114_004_01.h5
1901467,1901470,48.78314208984375,-19.04564666748047,269.71146,,21.271454,,943,gt1r,processed_ATL08_20181129100805_09430114_004_01.h5
1901473,1901475,48.783058166503906,-19.04474639892578,256.7046,3.2476823,17.097229,4.7540293,943,gt1r,processed_ATL08_20181129100805_09430114_004_01.h5
1901476,1901480,48.78297805786133,-19.043846130371094,230.36449,11.831924,25.264755,4.5432854,943,gt1r,processed_ATL08_20181129100805_09430114_004_01.h5
1901481,1901485,48.78288650512695,-19.042945861816406,218.92416,10.041214,22.984848,4.2711883,943,gt1r,processed_ATL08_20181129100805_09430114_004_01.h5
1901486,1901490,48.78279495239258,-19.04204559326172,251.0932,,26.982697,,943,gt1r,processed_ATL08_20181129100805_09430114_004_01.h5
1901491,1901495,48.782711029052734,-19.0411434173584,287.49838,11.937794,18.657745,2.4832397,943,gt1r,processed_ATL08_20181129100805_09430114_004_01.h5
1901496,1901500,48.782623291015625,-19.04024314880371,279.92715,16.351557,13.364868,3.810697,943,gt1r,processed_ATL08_20181129100805_09430114_004_01.h5
1901501,1901505,48.78253173828125,-19.039342880249023,282.698,,13.142334,,943,gt1r,processed_ATL08_20181129100805_09430114_004_01.h5
1901506,1901510,48.78244400024414,-19.038442611694336,288.31058,20.556025,7.3223267,3.9466553,943,gt1r,processed_ATL08_20181129100805_09430114_004_01.h5
1901511,1901515,48.7823600769043,-19.03754234313965,279.445,,9.197815,,943,gt1r,processed_ATL08_20181129100805_09430114_004_01.h5
1901516,1901520,48.78227233886719,-19.03664207458496,274.284,12.486539,13.287598,6.0644355,943,gt1r,processed_ATL08_20181129100805_09430114_004_01.h5
1901521,1901525,48.78218460083008,-19.03573989868164,261.66928,,19.05716,,943,gt1r,processed_ATL08_20181129100805_09430114_004_01.h5
1901526,1901530,48.78209686279297,-19.034839630126953,234.42554,6.5935965,18.21318,5.7570868,943,gt1r,processed_ATL08_20181129100805_09430114_004_01.h5
1901531,1901535,48.78200912475586,-19.033939361572266,242.23305,,19.573135,,943,gt1r,processed_ATL08_20181129100805_09430114_004_01.h5
1901536,1901540,48.781917572021484,-19.03304100036621,238.08098,14.007677,16.963242,10.203104,943,gt1r,processed_ATL08_20181129100805_09430114_004_01.h5
1901541,1901545,48.781829833984375,-19.03213882446289,230.26836,,17.521988,,943,gt1r,processed_ATL08_20181129100805_09430114_004_01.h5
1901546,1901550,48.78174591064453,-19.031238555908203,218.59717,,14.121185,,943,gt1r,processed_ATL08_20181129100805_09430114_004_01.h5
1901551,1901555,48.781654357910156,-19.030338287353516,209.70486,15.288678,11.000168,3.2210982,943,gt1r,processed_ATL08_20181129100805_09430114_004_01.h5
1901556,1901560,48.78156661987305,-19.029438018798828,200.7898,4.5363927,15.385712,3.6995738,943,gt1r,processed_ATL08_20181129100805_09430114_004_01.h5
1901561,1901565,48.78147888183594,-19.028535842895508,204.32623,,17.068146,,943,gt1r,processed_ATL08_20181129100805_09430114_004_01.h5
1901566,1901570,48.78139114379883,-19.02763557434082,197.39758,4.5983343,13.53067,2.531444,943,gt1r,processed_ATL08_20181129100805_09430114_004_01.h5
1901571,1901575,48.78129959106445,-19.026735305786133,189.17032,8.676543,17.580063,3.6318731,943,gt1r,processed_ATL08_20181129100805_09430114_004_01.h5
1901576,1901580,48.781211853027344,-19.025835037231445,182.78958,4.8246417,18.931793,4.241301,943,gt1r,processed_ATL08_20181129100805_09430114_004_01.h5
1901581,1901585,48.781124114990234,-19.024934768676758,196.26013,,27.437988,,943,gt1r,processed_ATL08_20181129100805_09430114_004_01.h5
1901586,1901590,48.78103256225586,-19.02403450012207,198.80565,,14.9530945,,943,gt1r,processed_ATL08_20181129100805_09430114_004_01.h5
1901591,1901595,48.780941009521484,-19.023134231567383,194.2271,,18.097397,,943,gt1r,processed_ATL08_20181129100805_09430114_004_01.h5
1901596,1901600,48.78084945678711,-19.022233963012695,192.97371,8.364167,16.712051,3.071297,943,gt1r,processed_ATL08_20181129100805_09430114_004_01.h5
1901601,1901605,48.780757904052734,-19.021333694458008,180.32706,0.4340823,15.2968445,0.5857948,943,gt1r,processed_ATL08_20181129100805_09430114_004_01.h5
1901606,1901610,48.780670166015625,-19.02043342590332,188.17175,4.4771066,12.973526,4.81193,943,gt1r,processed_ATL08_20181129100805_09430114_004_01.h5
1901611,1901615,48.78057861328125,-19.019533157348633,190.82898,,18.502975,,943,gt1r,processed_ATL08_20181129100805_09430114_004_01.h5
1901616,1901620,48.78049087524414,-19.018632888793945,178.60133,5.643783,10.882507,2.1912482,943,gt1r,processed_ATL08_20181129100805_09430114_004_01.h5
1901621,1901625,48.78040313720703,-19.017730712890625,165.0843,0.32664794,9.980194,0.41791984,943,gt1r,processed_ATL08_20181129100805_09430114_004_01.h5
1901626,1901630,48.780311584472656,-19.01683235168457,171.59677,1.4154339,12.925842,1.3855511,943,gt1r,processed_ATL08_20181129100805_09430114_004_01.h5
1901631,1901635,48.780216217041016,-19.015932083129883,175.29594,5.4654503,12.835648,4.48178,943,gt1r,processed_ATL08_20181129100805_09430114_004_01.h5
1901636,1901640,48.780128479003906,-19.015031814575195,172.66208,0.5838545,13.458908,0.7776589,943,gt1r,processed_ATL08_20181129100805_09430114_004_01.h5
1901641,1901645,48.7800407409668,-19.014129638671875,186.6975,3.267588,14.365982,3.3917673,943,gt1r,processed_ATL08_20181129100805_09430114_004_01.h5
1901646,1901650,48.77994918823242,-19.013229370117188,207.4914,,19.156326,,943,gt1r,processed_ATL08_20181129100805_09430114_004_01.h5
1901651,1901655,48.77986145019531,-19.0123291015625,193.4716,5.9031777,12.367355,4.5470257,943,gt1r,processed_ATL08_20181129100805_09430114_004_01.h5
1901656,1901660,48.77976989746094,-19.011428833007812,194.29904,4.78541,15.453201,4.919471,943,gt1r,processed_ATL08_20181129100805_09430114_004_01.h5
1901661,1901665,48.7796745300293,-19.010530471801758,208.6256,,25.350662,,943,gt1r,processed_ATL08_20181129100805_09430114_004_01.h5
1901666,1901670,48.77958297729492,-19.009628295898438,188.85233,8.256933,13.262375,5.3971496,943,gt1r,processed_ATL08_20181129100805_09430114_004_01.h5
1901671,1901675,48.77949142456055,-19.008729934692383,204.03806,,39.746094,,943,gt1r,processed_ATL08_20181129100805_09430114_004_01.h5
1901676,1901680,48.779396057128906,-19.007829666137695,208.33376,,41.789124,,943,gt1r,processed_ATL08_20181129100805_09430114_004_01.h5
1901681,1901685,48.77930450439453,-19.006929397583008,182.43628,6.273073,7.9695435,2.3305862,943,gt1r,processed_ATL08_20181129100805_09430114_004_01.h5
1901686,1901690,48.779212951660156,-19.00602912902832,172.64857,2.2415864,11.703629,2.0039806,943,gt1r,processed_ATL08_20181129100805_09430114_004_01.h5
1901691,1901695,48.77912139892578,-19.005128860473633,183.3793,,17.841583,,943,gt1r,processed_ATL08_20181129100805_09430114_004_01.h5
1901696,1901700,48.779029846191406,-19.004228591918945,183.5535,5.55543,10.842987,2.8784025,943,gt1r,processed_ATL08_20181129100805_09430114_004_01.h5
1901701,1901705,48.778934478759766,-19.003328323364258,180.02399,5.5903044,11.325912,3.346482,943,gt1r,processed_ATL08_20181129100805_09430114_004_01.h5
1901706,1901710,48.77884292602539,-19.00242805480957,173.24127,4.687785,11.60408,4.0646124,943,gt1r,processed_ATL08_20181129100805_09430114_004_01.h5
1901711,1901715,48.77874755859375,-19.001527786254883,167.29897,0.19315211,12.575195,0.27001646,943,gt1r,processed_ATL08_20181129100805_09430114_004_01.h5
1901716,1901720,48.77865219116211,-19.000627517700195,179.08093,0.7159051,11.324493,1.0259774,943,gt1r,processed_ATL08_20181129100805_09430114_004_01.h5
1901721,1901725,48.778564453125,-18.999727249145508,170.9757,0.18850553,10.72641,0.2743323,943,gt1r,processed_ATL08_20181129100805_09430114_004_01.h5
1901726,1901730,48.778472900390625,-18.99882698059082,168.27107,0.24714391,10.022461,0.36033717,943,gt1r,processed_ATL08_20181129100805_09430114_004_01.h5
1901744,1901745,48.7781867980957,-18.996118545532227,176.77075,7.8509164,7.96727,10.763722,943,gt1r,processed_ATL08_20181129100805_09430114_004_01.h5
1901746,1901750,48.77809524536133,-18.995227813720703,188.91132,8.116349,9.543396,7.9875603,943,gt1r,processed_ATL08_20181129100805_09430114_004_01.h5
1901751,1901755,48.77800369262695,-18.994327545166016,191.85217,1.247702,12.53067,1.7095222,943,gt1r,processed_ATL08_20181129100805_09430114_004_01.h5
1901756,1901760,48.77790832519531,-18.993427276611328,192.6572,1.0686203,10.8645935,1.4899695,943,gt1r,processed_ATL08_20181129100805_09430114_004_01.h5
1901822,1901825,48.776641845703125,-18.981550216674805,183.84467,6.7018013,15.906799,3.8678615,943,gt1r,processed_ATL08_20181129100805_09430114_004_01.h5
1901826,1901830,48.77656555175781,-18.980831146240234,177.07681,0.59615576,19.889511,0.8537993,943,gt1r,processed_ATL08_20181129100805_09430114_004_01.h5
1901831,1901835,48.77647018432617,-18.979930877685547,176.34445,0.31586146,20.780777,0.4599722,943,gt1r,processed_ATL08_20181129100805_09430114_004_01.h5
1901836,1901840,48.776371002197266,-18.97903060913086,177.79498,0.609256,21.860138,0.85557103,943,gt1r,processed_ATL08_20181129100805_09430114_004_01.h5
1901841,1901845,48.776275634765625,-18.978132247924805,179.27663,1.5834686,20.576767,2.1573813,943,gt1r,processed_ATL08_20181129100805_09430114_004_01.h5
1901846,1901850,48.77617645263672,-18.977231979370117,181.07782,0.30127072,21.895798,0.4476187,943,gt1r,processed_ATL08_20181129100805_09430114_004_01.h5
1901851,1901855,48.77607727050781,-18.976333618164062,179.37555,0.35189235,14.785278,0.47573966,943,gt1r,processed_ATL08_20181129100805_09430114_004_01.h5
1901856,1901860,48.775978088378906,-18.975431442260742,180.36713,2.374862,6.2451935,1.1160729,943,gt1r,processed_ATL08_20181129100805_09430114_004_01.h5
1901861,1901865,48.775882720947266,-18.974533081054688,186.9534,,15.426041,,943,gt1r,processed_ATL08_20181129100805_09430114_004_01.h5
1901866,1901870,48.77578353881836,-18.9736328125,190.44687,,16.501831,,943,gt1r,processed_ATL08_20181129100805_09430114_004_01.h5
1901871,1901875,48.77568817138672,-18.972734451293945,198.40439,,26.127533,,943,gt1r,processed_ATL08_20181129100805_09430114_004_01.h5
1901876,1901880,48.77558898925781,-18.971834182739258,202.69522,,23.632706,,943,gt1r,processed_ATL08_20181129100805_09430114_004_01.h5
1901881,1901885,48.775489807128906,-18.97093391418457,196.50497,1.9565027,20.583221,2.703258,943,gt1r,processed_ATL08_20181129100805_09430114_004_01.h5
1901886,1901890,48.775390625,-18.970035552978516,192.20224,1.1055107,21.701904,1.5658157,943,gt1r,processed_ATL08_20181129100805_09430114_004_01.h5
1901891,1901895,48.77528762817383,-18.969135284423828,191.94026,0.775487,21.323837,1.133857,943,gt1r,processed_ATL08_20181129100805_09430114_004_01.h5
1901896,1901900,48.77518844604492,-18.96823501586914,189.0605,0.15931141,20.851929,0.2373127,943,gt1r,processed_ATL08_20181129100805_09430114_004_01.h5
1901901,1901905,48.77509307861328,-18.967336654663086,189.56604,0.738537,21.491348,1.0425748,943,gt1r,processed_ATL08_20181129100805_09430114_004_01.h5
1901906,1901910,48.774993896484375,-18.9664363861084,187.89705,3.5959482,11.602371,1.6307675,943,gt1r,processed_ATL08_20181129100805_09430114_004_01.h5
1901911,1901915,48.7748908996582,-18.965538024902344,189.66916,,14.843582,,943,gt1r,processed_ATL08_20181129100805_09430114_004_01.h5
1901916,1901920,48.77479553222656,-18.964637756347656,207.73979,,20.365768,,943,gt1r,processed_ATL08_20181129100805_09430114_004_01.h5
1901921,1901925,48.774696350097656,-18.9637393951416,204.30731,11.445872,14.337769,3.9398215,943,gt1r,processed_ATL08_20181129100805_09430114_004_01.h5
1901926,1901930,48.774593353271484,-18.962839126586914,201.50209,0.33975813,7.9349365,0.42503324,943,gt1r,processed_ATL08_20181129100805_09430114_004_01.h5
1901931,1901935,48.77449035644531,-18.96194076538086,209.57422,5.1414933,7.644882,2.9771547,943,gt1r,processed_ATL08_20181129100805_09430114_004_01.h5
1901936,1901940,48.774391174316406,-18.961040496826172,218.27313,1.9031842,18.208954,2.2886183,943,gt1r,processed_ATL08_20181129100805_09430114_004_01.h5
1901941,1901945,48.774295806884766,-18.960142135620117,213.59482,,24.059586,,943,gt1r,processed_ATL08_20181129100805_09430114_004_01.h5
1901946,1901950,48.77419662475586,-18.95924186706543,199.77472,,17.678543,,943,gt1r,processed_ATL08_20181129100805_09430114_004_01.h5
1901951,1901955,48.77409362792969,-18.958341598510742,190.9129,,20.47734,,943,gt1r,processed_ATL08_20181129100805_09430114_004_01.h5
1901956,1901960,48.773990631103516,-18.957441329956055,180.57951,9.192868,16.266525,3.5678315,943,gt1r,processed_ATL08_20181129100805_09430114_004_01.h5
1901961,1901965,48.773887634277344,-18.956544876098633,177.19347,,19.50357,,943,gt1r,processed_ATL08_20181129100805_09430114_004_01.h5
1901966,1901970,48.77378463745117,-18.955644607543945,160.98315,3.938491,17.54335,3.473729,943,gt1r,processed_ATL08_20181129100805_09430114_004_01.h5
1901971,1901975,48.7736930847168,-18.954744338989258,181.56163,,19.508102,,943,gt1r,processed_ATL08_20181129100805_09430114_004_01.h5
1901976,1901980,48.77359390258789,-18.953845977783203,190.79576,7.8978386,9.902237,2.9472606,943,gt1r,processed_ATL08_20181129100805_09430114_004_01.h5
1901981,1901985,48.77349090576172,-18.952945709228516,193.00772,5.2034106,7.688217,1.6502612,943,gt1r,processed_ATL08_20181129100805_09430114_004_01.h5
1901986,1901990,48.77339172363281,-18.952045440673828,168.01485,4.084553,20.4133,3.3046885,943,gt1r,processed_ATL08_20181129100805_09430114_004_01.h5
1901991,1901995,48.77328872680664,-18.951147079467773,149.91681,0.69422436,20.39331,0.9851048,943,gt1r,processed_ATL08_20181129100805_09430114_004_01.h5
1901996,1902000,48.77318572998047,-18.95024871826172,176.04665,5.8825254,18.555115,2.7499912,943,gt1r,processed_ATL08_20181129100805_09430114_004_01.h5
1902001,1902005,48.7730827331543,-18.94934844970703,172.9274,6.941469,12.976791,2.1117287,943,gt1r,processed_ATL08_20181129100805_09430114_004_01.h5
1902006,1902010,48.772987365722656,-18.948450088500977,169.24185,,16.74591,,943,gt1r,processed_ATL08_20181129100805_09430114_004_01.h5
1902011,1902015,48.77288818359375,-18.947547912597656,147.17052,9.3724785,21.168228,5.878063,943,gt1r,processed_ATL08_20181129100805_09430114_004_01.h5
1902016,1902020,48.772789001464844,-18.9466495513916,135.17961,1.2104537,22.48796,1.579075,943,gt1r,processed_ATL08_20181129100805_09430114_004_01.h5
1902021,1902025,48.77268981933594,-18.945751190185547,161.62764,8.4244175,16.474838,3.9241629,943,gt1r,processed_ATL08_20181129100805_09430114_004_01.h5
1902026,1902030,48.772586822509766,-18.94485092163086,151.39653,,21.39569,,943,gt1r,processed_ATL08_20181129100805_09430114_004_01.h5
1902031,1902035,48.772483825683594,-18.943952560424805,163.90494,11.539632,26.485596,5.48164,943,gt1r,processed_ATL08_20181129100805_09430114_004_01.h5
1902036,1902040,48.77238464355469,-18.943052291870117,162.68047,4.9122043,18.839981,3.6707716,943,gt1r,processed_ATL08_20181129100805_09430114_004_01.h5
1902041,1902045,48.772281646728516,-18.942153930664062,136.19724,3.722584,18.193237,2.8556006,943,gt1r,processed_ATL08_20181129100805_09430114_004_01.h5
1902046,1902050,48.77218246459961,-18.941255569458008,134.96913,1.528661,18.12616,1.7018559,943,gt1r,processed_ATL08_20181129100805_09430114_004_01.h5
1902051,1902055,48.7720832824707,-18.94035530090332,123.63385,2.6742365,11.476112,3.3580859,943,gt1r,processed_ATL08_20181129100805_09430114_004_01.h5
1902056,1902060,48.771976470947266,-18.939455032348633,100.886795,2.7929597,20.46811,2.5917375,943,gt1r,processed_ATL08_20181129100805_09430114_004_01.h5
1902061,1902065,48.77187728881836,-18.938556671142578,96.161064,0.12077142,,,943,gt1r,processed_ATL08_20181129100805_09430114_004_01.h5
1902066,1902070,48.77177810668945,-18.937658309936523,115.74114,1.2326808,16.08461,1.611405,943,gt1r,processed_ATL08_20181129100805_09430114_004_01.h5
1902071,1902075,48.77167510986328,-18.936758041381836,147.29643,1.2919505,11.437424,1.749995,943,gt1r,processed_ATL08_20181129100805_09430114_004_01.h5
1902076,1902080,48.771575927734375,-18.93585777282715,152.68791,1.0537055,8.440002,1.4668971,943,gt1r,processed_ATL08_20181129100805_09430114_004_01.h5
1902081,1902085,48.77147674560547,-18.934959411621094,131.69276,2.2794669,9.344467,2.3327556,943,gt1r,processed_ATL08_20181129100805_09430114_004_01.h5
1902086,1902090,48.7713737487793,-18.934059143066406,131.8044,1.768437,13.735016,2.1285074,943,gt1r,processed_ATL08_20181129100805_09430114_004_01.h5
1902091,1902095,48.77127456665039,-18.93316078186035,139.44453,0.9631383,7.1029816,1.2028918,943,gt1r,processed_ATL08_20181129100805_09430114_004_01.h5
1902096,1902100,48.771175384521484,-18.932260513305664,136.02582,2.9075925,12.702118,2.5930805,943,gt1r,processed_ATL08_20181129100805_09430114_004_01.h5
1902101,1902105,48.77107620239258,-18.93136215209961,152.01094,1.882831,11.728058,1.9748201,943,gt1r,processed_ATL08_20181129100805_09430114_004_01.h5
1902106,1902110,48.77097702026367,-18.930461883544922,152.9612,2.2793028,7.7980194,2.0345306,943,gt1r,processed_ATL08_20181129100805_09430114_004_01.h5
1902111,1902115,48.7708740234375,-18.929561614990234,153.33447,11.167743,15.569397,3.2624202,943,gt1r,processed_ATL08_20181129100805_09430114_004_01.h5
1902116,1902120,48.77077102661133,-18.92866325378418,154.06743,2.6584222,13.9348755,2.6895106,943,gt1r,processed_ATL08_20181129100805_09430114_004_01.h5
1902121,1902125,48.77067184448242,-18.927762985229492,176.84042,4.389044,7.2140045,2.1849647,943,gt1r,processed_ATL08_20181129100805_09430114_004_01.h5
1902126,1902130,48.770572662353516,-18.926864624023438,159.67444,2.3333082,13.086975,2.3404064,943,gt1r,processed_ATL08_20181129100805_09430114_004_01.h5
1902131,1902135,48.77047348022461,-18.92596435546875,149.61353,1.1261561,10.375366,1.3890717,943,gt1r,processed_ATL08_20181129100805_09430114_004_01.h5
1902136,1902140,48.7703742980957,-18.925065994262695,152.30263,,25.348999,,943,gt1r,processed_ATL08_20181129100805_09430114_004_01.h5
1902141,1902145,48.7702751159668,-18.924165725708008,159.9675,4.852121,24.689575,4.7473536,943,gt1r,processed_ATL08_20181129100805_09430114_004_01.h5
1902146,1902150,48.77017593383789,-18.92326545715332,187.8578,4.2581515,19.403702,4.46688,943,gt1r,processed_ATL08_20181129100805_09430114_004_01.h5
1902151,1902155,48.770076751708984,-18.922367095947266,216.67331,3.1482852,19.678314,4.2360516,943,gt1r,processed_ATL08_20181129100805_09430114_004_01.h5
1902156,1902160,48.76997756958008,-18.921466827392578,219.43576,12.217544,18.72844,7.449164,943,gt1r,processed_ATL08_20181129100805_09430114_004_01.h5
1902162,1902165,48.76987838745117,-18.920568466186523,190.13664,12.073566,14.119888,6.4840426,943,gt1r,processed_ATL08_20181129100805_09430114_004_01.h5
1902166,1902170,48.769779205322266,-18.919668197631836,170.31937,10.973095,17.248108,5.1879144,943,gt1r,processed_ATL08_20181129100805_09430114_004_01.h5
1902206,1902210,48.76898956298828,-18.912471771240234,204.88402,9.407666,8.440491,3.6471727,943,gt1r,processed_ATL08_20181129100805_09430114_004_01.h5
1902211,1902215,48.76888656616211,-18.91157341003418,226.19936,,7.677002,,943,gt1r,processed_ATL08_20181129100805_09430114_004_01.h5
1902216,1902219,48.76879119873047,-18.910673141479492,224.37108,15.948955,4.5587006,5.692433,943,gt1r,processed_ATL08_20181129100805_09430114_004_01.h5
1902226,1902230,48.76860427856445,-18.908872604370117,208.16664,5.2626505,15.060196,5.1182213,943,gt1r,processed_ATL08_20181129100805_09430114_004_01.h5
1902231,1902235,48.76850509643555,-18.90797233581543,192.06378,8.334909,17.79245,4.1489105,943,gt1r,processed_ATL08_20181129100805_09430114_004_01.h5
1902236,1902240,48.768409729003906,-18.907073974609375,206.27654,,14.9756775,,943,gt1r,processed_ATL08_20181129100805_09430114_004_01.h5
1902241,1902245,48.768310546875,-18.906173706054688,232.83676,7.7435007,37.385666,8.149788,943,gt1r,processed_ATL08_20181129100805_09430114_004_01.h5
1902296,1902300,48.76725387573242,-18.896276473999023,173.95065,,30.33368,,943,gt1r,processed_ATL08_20181129100805_09430114_004_01.h5
1902301,1902305,48.76715850830078,-18.895376205444336,187.62593,,16.328064,,943,gt1r,processed_ATL08_20181129100805_09430114_004_01.h5
1902306,1902310,48.76706314086914,-18.89447593688965,177.17906,6.0031977,13.109116,4.567293,943,gt1r,processed_ATL08_20181129100805_09430114_004_01.h5
1902311,1902315,48.766971588134766,-18.89357566833496,167.25905,3.9294496,10.57254,2.2404978,943,gt1r,processed_ATL08_20181129100805_09430114_004_01.h5
1902316,1902320,48.76687240600586,-18.892677307128906,153.81927,4.177394,11.838501,3.2436564,943,gt1r,processed_ATL08_20181129100805_09430114_004_01.h5
1902321,1902325,48.76677322387695,-18.89177703857422,160.87175,0.5422775,15.305817,0.75168896,943,gt1r,processed_ATL08_20181129100805_09430114_004_01.h5
1902326,1902330,48.766685485839844,-18.89087677001953,205.54982,13.214105,17.344254,3.4989908,943,gt1r,processed_ATL08_20181129100805_09430114_004_01.h5
1902331,1902335,48.76659393310547,-18.889976501464844,199.19334,,11.955154,,943,gt1r,processed_ATL08_20181129100805_09430114_004_01.h5
1902336,1902340,48.76649856567383,-18.889076232910156,202.36751,,15.952972,,943,gt1r,processed_ATL08_20181129100805_09430114_004_01.h5
1902341,1902345,48.76639938354492,-18.88817596435547,221.71921,8.422866,17.587479,5.0197153,943,gt1r,processed_ATL08_20181129100805_09430114_004_01.h5
1902346,1902350,48.76631164550781,-18.88727569580078,232.7036,1.1359589,18.841385,1.5061158,943,gt1r,processed_ATL08_20181129100805_09430114_004_01.h5
1902351,1902355,48.76621627807617,-18.886377334594727,287.59366,8.85402,20.879272,5.490357,943,gt1r,processed_ATL08_20181129100805_09430114_004_01.h5
1902356,1902360,48.76612091064453,-18.885475158691406,335.08475,,9.383392,,943,gt1r,processed_ATL08_20181129100805_09430114_004_01.h5
1902361,1902365,48.766029357910156,-18.88457679748535,376.31662,12.174161,5.080261,3.743162,943,gt1r,processed_ATL08_20181129100805_09430114_004_01.h5
1902366,1902370,48.76594161987305,-18.883676528930664,411.95166,15.047083,8.6008,4.897766,943,gt1r,processed_ATL08_20181129100805_09430114_004_01.h5
1902371,1902375,48.76585006713867,-18.882774353027344,422.0953,13.514488,7.6436157,6.503245,943,gt1r,processed_ATL08_20181129100805_09430114_004_01.h5
1902376,1902380,48.76576232910156,-18.881874084472656,429.4919,12.446312,5.6749268,5.1777515,943,gt1r,processed_ATL08_20181129100805_09430114_004_01.h5
1902381,1902385,48.76566696166992,-18.8809757232666,388.0641,20.367334,7.866516,5.571398,943,gt1r,processed_ATL08_20181129100805_09430114_004_01.h5
1902386,1902390,48.76557159423828,-18.880075454711914,394.98962,7.054809,5.790222,3.2730985,943,gt1r,processed_ATL08_20181129100805_09430114_004_01.h5
1902391,1902395,48.765480041503906,-18.879175186157227,430.47733,11.553151,7.976898,5.0010867,943,gt1r,processed_ATL08_20181129100805_09430114_004_01.h5
1902396,1902400,48.7653923034668,-18.87827491760254,429.4354,16.512337,5.6014404,6.417918,943,gt1r,processed_ATL08_20181129100805_09430114_004_01.h5
1902401,1902405,48.76530075073242,-18.87737464904785,426.50372,13.770063,6.5473633,3.719265,943,gt1r,processed_ATL08_20181129100805_09430114_004_01.h5
1902406,1902410,48.76520538330078,-18.876474380493164,442.4896,7.288613,6.554199,4.8810515,943,gt1r,processed_ATL08_20181129100805_09430114_004_01.h5
1902411,1902415,48.76511764526367,-18.875574111938477,449.43307,14.142284,8.263367,5.7760663,943,gt1r,processed_ATL08_20181129100805_09430114_004_01.h5
1902416,1902420,48.76502990722656,-18.874671936035156,470.15924,20.495726,8.559143,5.978837,943,gt1r,processed_ATL08_20181129100805_09430114_004_01.h5
1902421,1902425,48.76493835449219,-18.8737735748291,487.94272,,10.536438,,943,gt1r,processed_ATL08_20181129100805_09430114_004_01.h5
1902426,1902430,48.76484680175781,-18.87287139892578,514.5593,28.079031,12.486542,4.5285916,943,gt1r,processed_ATL08_20181129100805_09430114_004_01.h5
1902431,1902435,48.7647590637207,-18.871971130371094,562.6335,29.13137,9.765259,5.435453,943,gt1r,processed_ATL08_20181129100805_09430114_004_01.h5
1902436,1902440,48.76466751098633,-18.871070861816406,534.9149,10.2153635,7.920166,6.069426,943,gt1r,processed_ATL08_20181129100805_09430114_004_01.h5
1902441,1902445,48.76457595825195,-18.87017059326172,508.07043,12.132834,10.793457,7.535072,943,gt1r,processed_ATL08_20181129100805_09430114_004_01.h5
1902446,1902450,48.764488220214844,-18.86927032470703,503.17752,7.5540066,5.798706,5.384735,943,gt1r,processed_ATL08_20181129100805_09430114_004_01.h5
1902451,1902455,48.764400482177734,-18.868370056152344,519.4408,18.431026,20.670044,7.5466375,943,gt1r,processed_ATL08_20181129100805_09430114_004_01.h5
1902456,1902460,48.764305114746094,-18.867469787597656,533.41296,,25.08368,,943,gt1r,processed_ATL08_20181129100805_09430114_004_01.h5
1902518,1902522,48.763206481933594,-18.856304168701172,451.07028,19.485563,15.225067,13.980805,943,gt1r,processed_ATL08_20181129100805_09430114_004_01.h5
1902523,1902527,48.76312255859375,-18.855403900146484,466.48804,,13.933655,,943,gt1r,processed_ATL08_20181129100805_09430114_004_01.h5
1902528,1902532,48.763038635253906,-18.854501724243164,496.8609,11.098685,11.841248,8.258896,943,gt1r,processed_ATL08_20181129100805_09430114_004_01.h5
1902533,1902537,48.76294708251953,-18.853601455688477,465.17328,5.096179,9.493195,4.689649,943,gt1r,processed_ATL08_20181129100805_09430114_004_01.h5
1902538,1902542,48.76285934448242,-18.85270118713379,465.06183,11.395816,11.399353,5.5659313,943,gt1r,processed_ATL08_20181129100805_09430114_004_01.h5
1902543,1902547,48.76277542114258,-18.8518009185791,459.6779,8.1333,6.184021,5.55357,943,gt1r,processed_ATL08_20181129100805_09430114_004_01.h5
1902548,1902552,48.76268768310547,-18.85089874267578,470.63272,13.4648285,7.0756226,5.768869,943,gt1r,processed_ATL08_20181129100805_09430114_004_01.h5
1902553,1902557,48.76259994506836,-18.849998474121094,446.3661,11.84836,8.434021,7.003577,943,gt1r,processed_ATL08_20181129100805_09430114_004_01.h5
1902558,1902562,48.76251220703125,-18.849098205566406,407.56708,11.707125,9.946228,4.8523316,943,gt1r,processed_ATL08_20181129100805_09430114_004_01.h5
1902563,1902567,48.762420654296875,-18.84819793701172,381.41254,19.344889,12.896881,7.861001,943,gt1r,processed_ATL08_20181129100805_09430114_004_01.h5
1902568,1902572,48.762332916259766,-18.84729766845703,381.857,1.2725172,11.408112,1.4995624,943,gt1r,processed_ATL08_20181129100805_09430114_004_01.h5
1902573,1902577,48.76224899291992,-18.846397399902344,397.3037,36.075108,9.763092,9.427279,943,gt1r,processed_ATL08_20181129100805_09430114_004_01.h5
1902578,1902582,48.76216506958008,-18.845495223999023,415.812,7.5846953,10.172913,6.01496,943,gt1r,processed_ATL08_20181129100805_09430114_004_01.h5
1902583,1902587,48.7620735168457,-18.844594955444336,405.4132,6.151297,6.419525,3.8154402,943,gt1r,processed_ATL08_20181129100805_09430114_004_01.h5
1902588,1902592,48.761985778808594,-18.84369468688965,390.92123,17.007727,9.3029785,4.491233,943,gt1r,processed_ATL08_20181129100805_09430114_004_01.h5
1902593,1902597,48.76190185546875,-18.842792510986328,413.33197,15.639635,9.226868,7.0482597,943,gt1r,processed_ATL08_20181129100805_09430114_004_01.h5
1902598,1902602,48.761817932128906,-18.84189224243164,402.98706,6.9828796,10.504852,3.4071865,943,gt1r,processed_ATL08_20181129100805_09430114_004_01.h5
1902603,1902607,48.76172637939453,-18.840991973876953,423.6265,20.118809,6.5289307,3.496236,943,gt1r,processed_ATL08_20181129100805_09430114_004_01.h5
1902608,1902612,48.76164245605469,-18.840091705322266,435.82623,18.895685,6.833893,3.8890488,943,gt1r,processed_ATL08_20181129100805_09430114_004_01.h5
1902613,1902617,48.761558532714844,-18.839189529418945,448.10007,7.1365714,6.9078674,3.064871,943,gt1r,processed_ATL08_20181129100805_09430114_004_01.h5
1902618,1902622,48.761474609375,-18.838289260864258,472.25836,20.661552,5.978241,4.393909,943,gt1r,processed_ATL08_20181129100805_09430114_004_01.h5
1902623,1902627,48.761390686035156,-18.83738899230957,486.21844,30.372099,7.3611755,5.7041225,943,gt1r,processed_ATL08_20181129100805_09430114_004_01.h5
1902628,1902632,48.76129913330078,-18.836488723754883,499.95056,12.532688,7.342804,8.786212,943,gt1r,processed_ATL08_20181129100805_09430114_004_01.h5
1902633,1902637,48.76121139526367,-18.835588455200195,514.6433,28.558537,12.579163,8.946499,943,gt1r,processed_ATL08_20181129100805_09430114_004_01.h5
1902638,1902642,48.76112365722656,-18.834688186645508,513.3714,,17.958069,,943,gt1r,processed_ATL08_20181129100805_09430114_004_01.h5
1902643,1902647,48.76103973388672,-18.833786010742188,504.1072,,23.537842,,943,gt1r,processed_ATL08_20181129100805_09430114_004_01.h5
1902648,1902652,48.760955810546875,-18.8328857421875,473.6108,,17.852448,,943,gt1r,processed_ATL08_20181129100805_09430114_004_01.h5
1902653,1902657,48.760868072509766,-18.831985473632812,451.31735,15.558785,10.844696,5.640852,943,gt1r,processed_ATL08_20181129100805_09430114_004_01.h5
1902658,1902662,48.760780334472656,-18.831083297729492,437.47107,2.0521169,6.719116,2.0456402,943,gt1r,processed_ATL08_20181129100805_09430114_004_01.h5
1902663,1902667,48.76069259643555,-18.830183029174805,427.95856,14.082781,11.464691,5.0553994,943,gt1r,processed_ATL08_20181129100805_09430114_004_01.h5
1902668,1902672,48.76060485839844,-18.829282760620117,417.85806,,17.353485,,943,gt1r,processed_ATL08_20181129100805_09430114_004_01.h5
1902673,1902677,48.76051712036133,-18.82838249206543,402.12427,,18.09851,,943,gt1r,processed_ATL08_20181129100805_09430114_004_01.h5
1902678,1902682,48.76042938232422,-18.827482223510742,432.18088,13.306215,14.464111,4.623969,943,gt1r,processed_ATL08_20181129100805_09430114_004_01.h5
1902683,1902687,48.76034164428711,-18.826580047607422,398.92935,12.697875,16.545074,5.238758,943,gt1r,processed_ATL08_20181129100805_09430114_004_01.h5
1902688,1902692,48.760257720947266,-18.825679779052734,387.1912,22.587433,13.53775,5.8124247,943,gt1r,processed_ATL08_20181129100805_09430114_004_01.h5
1902693,1902697,48.76017379760742,-18.824779510498047,396.01205,10.080213,11.355408,3.678977,943,gt1r,processed_ATL08_20181129100805_09430114_004_01.h5
1902698,1902702,48.76008605957031,-18.82387924194336,427.36707,5.47465,9.675659,5.152061,943,gt1r,processed_ATL08_20181129100805_09430114_004_01.h5
1902703,1902707,48.75999450683594,-18.822978973388672,462.45972,18.43507,15.72821,11.214351,943,gt1r,processed_ATL08_20181129100805_09430114_004_01.h5
1902708,1902712,48.75990295410156,-18.822078704833984,474.39508,,11.430328,,943,gt1r,processed_ATL08_20181129100805_09430114_004_01.h5
1902713,1902717,48.75981903076172,-18.821176528930664,490.0734,,16.095306,,943,gt1r,processed_ATL08_20181129100805_09430114_004_01.h5
1902718,1902722,48.759735107421875,-18.820276260375977,435.62634,36.363884,20.144379,16.933115,943,gt1r,processed_ATL08_20181129100805_09430114_004_01.h5
1902723,1902727,48.759647369384766,-18.81937599182129,406.2111,22.60277,15.511505,6.737944,943,gt1r,processed_ATL08_20181129100805_09430114_004_01.h5
1902728,1902732,48.75955581665039,-18.8184757232666,402.76834,10.199098,6.5102234,3.7909794,943,gt1r,processed_ATL08_20181129100805_09430114_004_01.h5
1902733,1902737,48.75947189331055,-18.817575454711914,436.7194,30.35205,10.303894,5.164858,943,gt1r,processed_ATL08_20181129100805_09430114_004_01.h5
1902738,1902742,48.75938415527344,-18.816673278808594,387.5968,,14.519806,,943,gt1r,processed_ATL08_20181129100805_09430114_004_01.h5
1902743,1902747,48.75929641723633,-18.815773010253906,341.51556,,17.371582,,943,gt1r,processed_ATL08_20181129100805_09430114_004_01.h5
1902748,1902752,48.75920867919922,-18.81487274169922,314.43292,19.427355,16.552826,4.9891996,943,gt1r,processed_ATL08_20181129100805_09430114_004_01.h5
1902753,1902757,48.759117126464844,-18.81397247314453,316.65356,,9.306152,,943,gt1r,processed_ATL08_20181129100805_09430114_004_01.h5
1902758,1902762,48.759029388427734,-18.813072204589844,311.6704,10.033716,9.187408,4.7322793,943,gt1r,processed_ATL08_20181129100805_09430114_004_01.h5
1902763,1902767,48.758941650390625,-18.812170028686523,321.87946,7.6845145,6.078827,3.02188,943,gt1r,processed_ATL08_20181129100805_09430114_004_01.h5
1902768,1902772,48.75885009765625,-18.81127166748047,298.82352,6.292711,6.0925903,3.7140388,943,gt1r,processed_ATL08_20181129100805_09430114_004_01.h5
1902773,1902777,48.75876235961914,-18.81036949157715,289.636,0.8153824,5.7725525,1.012374,943,gt1r,processed_ATL08_20181129100805_09430114_004_01.h5
1902778,1902782,48.75867462158203,-18.80946922302246,312.38773,13.8154,10.07132,4.1591783,943,gt1r,processed_ATL08_20181129100805_09430114_004_01.h5
1902783,1902787,48.75858688354492,-18.808568954467773,313.4572,22.355509,10.580688,6.695127,943,gt1r,processed_ATL08_20181129100805_09430114_004_01.h5
1902788,1902792,48.75849914550781,-18.807668685913086,308.6956,,9.871918,,943,gt1r,processed_ATL08_20181129100805_09430114_004_01.h5
1902793,1902797,48.75840759277344,-18.8067684173584,288.79434,,17.282227,,943,gt1r,processed_ATL08_20181129100805_09430114_004_01.h5
1902798,1902802,48.75831604003906,-18.80586814880371,253.03618,11.07703,16.2807,8.157254,943,gt1r,processed_ATL08_20181129100805_09430114_004_01.h5
1902803,1902807,48.75823211669922,-18.804967880249023,248.74655,,18.830841,,943,gt1r,processed_ATL08_20181129100805_09430114_004_01.h5
1902808,1902812,48.75813674926758,-18.804067611694336,213.44298,4.6489444,13.081223,3.88771,943,gt1r,processed_ATL08_20181129100805_09430114_004_01.h5
1902813,1902817,48.7580451965332,-18.80316734313965,223.63683,5.436828,17.55046,4.667628,943,gt1r,processed_ATL08_20181129100805_09430114_004_01.h5
1902818,1902822,48.757957458496094,-18.80226707458496,204.06264,13.571261,20.98993,6.8567476,943,gt1r,processed_ATL08_20181129100805_09430114_004_01.h5
1902823,1902827,48.757869720458984,-18.80136489868164,213.0371,7.717008,17.666077,3.3446126,943,gt1r,processed_ATL08_20181129100805_09430114_004_01.h5
1902828,1902832,48.75777816772461,-18.800464630126953,223.86584,,14.275986,,943,gt1r,processed_ATL08_20181129100805_09430114_004_01.h5
1902833,1902837,48.757686614990234,-18.799564361572266,197.03003,,16.30072,,943,gt1r,processed_ATL08_20181129100805_09430114_004_01.h5
1902838,1902842,48.757591247558594,-18.79866600036621,193.14519,,19.51532,,943,gt1r,processed_ATL08_20181129100805_09430114_004_01.h5
1902843,1902847,48.757503509521484,-18.797765731811523,166.9603,9.1543455,21.885498,4.8120275,943,gt1r,processed_ATL08_20181129100805_09430114_004_01.h5
1902848,1902852,48.757408142089844,-18.796865463256836,185.17972,,22.723358,,943,gt1r,processed_ATL08_20181129100805_09430114_004_01.h5
1902853,1902857,48.75731658935547,-18.795963287353516,188.49599,15.534875,20.807114,6.1864657,943,gt1r,processed_ATL08_20181129100805_09430114_004_01.h5
1902858,1902862,48.75722885131836,-18.795063018798828,199.23372,4.1117487,8.934677,2.2312827,943,gt1r,processed_ATL08_20181129100805_09430114_004_01.h5
1902863,1902867,48.75714111328125,-18.79416275024414,210.61574,8.117958,11.50209,4.9939504,943,gt1r,processed_ATL08_20181129100805_09430114_004_01.h5
1902868,1902872,48.75704574584961,-18.793264389038086,206.2257,7.1110063,9.625549,3.2963016,943,gt1r,processed_ATL08_20181129100805_09430114_004_01.h5
1902873,1902877,48.75695037841797,-18.7923641204834,178.88254,3.6269982,12.552399,3.1286023,943,gt1r,processed_ATL08_20181129100805_09430114_004_01.h5
1902878,1902882,48.756858825683594,-18.79146385192871,179.37807,1.9661425,10.542603,2.6599712,943,gt1r,processed_ATL08_20181129100805_09430114_004_01.h5
1902883,1902887,48.75676727294922,-18.790563583374023,173.46869,1.6088458,12.466293,2.1338305,943,gt1r,processed_ATL08_20181129100805_09430114_004_01.h5
1902888,1902892,48.75666809082031,-18.789663314819336,138.03479,4.448779,9.161194,2.26607,943,gt1r,processed_ATL08_20181129100805_09430114_004_01.h5
1902893,1902897,48.75657653808594,-18.78876304626465,120.38428,2.3712935,12.880508,2.179986,943,gt1r,processed_ATL08_20181129100805_09430114_004_01.h5
1902898,1902902,48.75648880004883,-18.78786277770996,103.50033,3.4896743,7.5745163,1.5712303,943,gt1r,processed_ATL08_20181129100805_09430114_004_01.h5
1902903,1902907,48.75639343261719,-18.786962509155273,86.07028,1.254703,16.00618,1.2366023,943,gt1r,processed_ATL08_20181129100805_09430114_004_01.h5
1902908,1902912,48.75629425048828,-18.786062240600586,93.1468,0.7868321,16.60904,0.96653134,943,gt1r,processed_ATL08_20181129100805_09430114_004_01.h5
1902913,1902917,48.756202697753906,-18.78516387939453,97.62545,1.6191102,15.531265,1.9774243,943,gt1r,processed_ATL08_20181129100805_09430114_004_01.h5
1902918,1902922,48.756107330322266,-18.784263610839844,102.36492,4.4221797,14.963814,2.7034621,943,gt1r,processed_ATL08_20181129100805_09430114_004_01.h5
1902923,1902927,48.75600814819336,-18.783363342285156,64.21491,0.10744081,18.235321,0.17130785,943,gt1r,processed_ATL08_20181129100805_09430114_004_01.h5
1902928,1902932,48.755916595458984,-18.78246307373047,61.384262,0.07787851,14.495232,0.12035409,943,gt1r,processed_ATL08_20181129100805_09430114_004_01.h5
1902933,1902937,48.75582504272461,-18.78156280517578,100.14478,2.2561002,6.359535,1.0717202,943,gt1r,processed_ATL08_20181129100805_09430114_004_01.h5
1902938,1902942,48.75572967529297,-18.780662536621094,91.461136,1.1023016,11.275642,1.3392872,943,gt1r,processed_ATL08_20181129100805_09430114_004_01.h5
1902943,1902947,48.755638122558594,-18.779762268066406,98.78997,4.3097005,13.187836,2.1804578,943,gt1r,processed_ATL08_20181129100805_09430114_004_01.h5
1902948,1902952,48.75553894042969,-18.77886390686035,103.30057,3.6173925,11.934219,1.0650712,943,gt1r,processed_ATL08_20181129100805_09430114_004_01.h5
1902953,1902957,48.75545883178711,-18.77814292907715,124.17748,5.8223877,17.733765,3.77721,943,gt1r,processed_ATL08_20181129100805_09430114_004_01.h5
1902958,1902962,48.75534439086914,-18.77706527709961,138.3545,7.904806,20.006973,4.2699323,943,gt1r,processed_ATL08_20181129100805_09430114_004_01.h5
1902963,1902967,48.7552490234375,-18.776165008544922,160.65564,7.1611753,19.787125,4.2110376,943,gt1r,processed_ATL08_20181129100805_09430114_004_01.h5
1902968,1902972,48.755149841308594,-18.775264739990234,167.81581,5.404731,18.123886,3.877474,943,gt1r,processed_ATL08_20181129100805_09430114_004_01.h5
1902973,1902977,48.75505447387695,-18.774364471435547,184.4106,,21.399307,,943,gt1r,processed_ATL08_20181129100805_09430114_004_01.h5
1902978,1902982,48.75495910644531,-18.77346420288086,204.74826,10.660001,14.822311,3.5566115,943,gt1r,processed_ATL08_20181129100805_09430114_004_01.h5
1902983,1902987,48.75486373901367,-18.772563934326172,212.37698,9.1813,13.313751,3.3547752,943,gt1r,processed_ATL08_20181129100805_09430114_004_01.h5
1902988,1902992,48.75476837158203,-18.771665573120117,212.30125,5.088891,10.200317,2.1496563,943,gt1r,processed_ATL08_20181129100805_09430114_004_01.h5
1902993,1902997,48.754669189453125,-18.77076530456543,190.96706,3.8768084,11.645691,4.389886,943,gt1r,processed_ATL08_20181129100805_09430114_004_01.h5
1902998,1903002,48.75457000732422,-18.769865036010742,172.53195,0.8515566,12.633835,1.1457174,943,gt1r,processed_ATL08_20181129100805_09430114_004_01.h5
1903003,1903007,48.75447082519531,-18.768966674804688,156.61266,2.2431843,13.801025,2.5250068,943,gt1r,processed_ATL08_20181129100805_09430114_004_01.h5
1903008,1903012,48.75437545776367,-18.76806640625,145.54108,2.0111074,13.1310425,2.3044636,943,gt1r,processed_ATL08_20181129100805_09430114_004_01.h5
1903013,1903017,48.75428009033203,-18.767166137695312,143.24591,5.5082293,11.1966095,2.2331223,943,gt1r,processed_ATL08_20181129100805_09430114_004_01.h5
1903018,1903022,48.754180908203125,-18.766267776489258,141.09898,6.69141,6.4849243,1.7709216,943,gt1r,processed_ATL08_20181129100805_09430114_004_01.h5
1903023,1903027,48.75408172607422,-18.76536750793457,128.8062,8.176755,11.034454,1.3448821,943,gt1r,processed_ATL08_20181129100805_09430114_004_01.h5
1903028,1903032,48.75397872924805,-18.764469146728516,122.49387,,11.556885,,943,gt1r,processed_ATL08_20181129100805_09430114_004_01.h5
1903033,1903037,48.753883361816406,-18.763568878173828,132.58948,4.1806664,6.650818,1.8281202,943,gt1r,processed_ATL08_20181129100805_09430114_004_01.h5
1903038,1903042,48.753787994384766,-18.76266860961914,105.90053,4.7920046,13.1330185,2.119281,943,gt1r,processed_ATL08_20181129100805_09430114_004_01.h5
1903043,1903047,48.75368881225586,-18.761768341064453,89.50055,4.468804,8.669029,1.4799144,943,gt1r,processed_ATL08_20181129100805_09430114_004_01.h5
1903048,1903052,48.75358581542969,-18.7608699798584,71.51741,0.07275108,9.259666,0.10705573,943,gt1r,processed_ATL08_20181129100805_09430114_004_01.h5
1903053,1903057,48.75348663330078,-18.75996971130371,69.960884,0.08215073,,,943,gt1r,processed_ATL08_20181129100805_09430114_004_01.h5
1903058,1903062,48.75339126586914,-18.759071350097656,68.96066,0.046562962,,,943,gt1r,processed_ATL08_20181129100805_09430114_004_01.h5
1903063,1903067,48.753292083740234,-18.75817108154297,74.23476,0.15432508,14.669632,0.22714287,943,gt1r,processed_ATL08_20181129100805_09430114_004_01.h5
1903068,1903072,48.75319290161133,-18.75727081298828,96.4546,5.3129644,12.622391,1.9113953,943,gt1r,processed_ATL08_20181129100805_09430114_004_01.h5
1903073,1903077,48.75309753417969,-18.756370544433594,107.63196,5.1560965,16.08033,2.7592504,943,gt1r,processed_ATL08_20181129100805_09430114_004_01.h5
1903078,1903082,48.75299835205078,-18.75547218322754,129.99564,,10.883362,,943,gt1r,processed_ATL08_20181129100805_09430114_004_01.h5
1903083,1903087,48.752899169921875,-18.75457191467285,152.7197,,17.511063,,943,gt1r,processed_ATL08_20181129100805_09430114_004_01.h5
1903088,1903092,48.75279998779297,-18.753671646118164,171.07507,3.5777295,7.1153564,2.0137053,943,gt1r,processed_ATL08_20181129100805_09430114_004_01.h5
1903093,1903097,48.75270080566406,-18.752771377563477,211.62987,5.254184,10.400436,2.5391781,943,gt1r,processed_ATL08_20181129100805_09430114_004_01.h5
1903098,1903102,48.752593994140625,-18.751874923706055,215.6188,8.177727,13.749878,2.422588,943,gt1r,processed_ATL08_20181129100805_09430114_004_01.h5
1903103,1903107,48.75249481201172,-18.750974655151367,187.42134,4.1739144,15.6601715,3.43949,943,gt1r,processed_ATL08_20181129100805_09430114_004_01.h5
1903108,1903112,48.75239944458008,-18.75007438659668,168.48982,4.9903197,14.649765,3.5514996,943,gt1r,processed_ATL08_20181129100805_09430114_004_01.h5
1903113,1903117,48.75230026245117,-18.749176025390625,160.92262,9.006414,10.405289,3.1867278,943,gt1r,processed_ATL08_20181129100805_09430114_004_01.h5
1903118,1903122,48.752201080322266,-18.748275756835938,151.07481,3.4100175,7.1669464,1.5154972,943,gt1r,processed_ATL08_20181129100805_09430114_004_01.h5
1903123,1903127,48.75210189819336,-18.747377395629883,134.38042,3.6681747,9.483826,1.8415419,943,gt1r,processed_ATL08_20181129100805_09430114_004_01.h5
1903128,1903132,48.75199890136719,-18.746479034423828,147.62627,6.330499,7.979355,1.3747629,943,gt1r,processed_ATL08_20181129100805_09430114_004_01.h5
1903133,1903137,48.75189971923828,-18.74557876586914,161.59729,,16.759705,,943,gt1r,processed_ATL08_20181129100805_09430114_004_01.h5
1903138,1903142,48.751800537109375,-18.744678497314453,162.09406,5.6969647,18.1875,2.6045244,943,gt1r,processed_ATL08_20181129100805_09430114_004_01.h5
1903143,1903147,48.7516975402832,-18.743778228759766,181.09898,,14.038773,,943,gt1r,processed_ATL08_20181129100805_09430114_004_01.h5
1903148,1903152,48.7515983581543,-18.74287986755371,175.38492,,8.722595,,943,gt1r,processed_ATL08_20181129100805_09430114_004_01.h5
1903153,1903157,48.751495361328125,-18.741979598999023,167.84492,,18.495651,,943,gt1r,processed_ATL08_20181129100805_09430114_004_01.h5
1903158,1903162,48.75139617919922,-18.74108123779297,172.41246,,23.353928,,943,gt1r,processed_ATL08_20181129100805_09430114_004_01.h5
1903163,1903167,48.75129699707031,-18.74018096923828,225.31923,8.2148285,17.349777,5.4277053,943,gt1r,processed_ATL08_20181129100805_09430114_004_01.h5
1903168,1903172,48.75119400024414,-18.739282608032227,263.24442,14.372975,20.655533,5.9373884,943,gt1r,processed_ATL08_20181129100805_09430114_004_01.h5
1903173,1903177,48.75109100341797,-18.73838233947754,249.28795,,14.251205,,943,gt1r,processed_ATL08_20181129100805_09430114_004_01.h5
1903178,1903182,48.75099563598633,-18.737483978271484,257.23022,,15.031921,,943,gt1r,processed_ATL08_20181129100805_09430114_004_01.h5
1903183,1903187,48.75089645385742,-18.736583709716797,255.98131,,15.105621,,943,gt1r,processed_ATL08_20181129100805_09430114_004_01.h5
1903188,1903192,48.750789642333984,-18.735685348510742,227.47809,,18.040955,,943,gt1r,processed_ATL08_20181129100805_09430114_004_01.h5
1903193,1903197,48.75068664550781,-18.734785079956055,212.6222,,14.794769,,943,gt1r,processed_ATL08_20181129100805_09430114_004_01.h5
1903198,1903202,48.75059127807617,-18.733884811401367,213.46368,,15.860825,,943,gt1r,processed_ATL08_20181129100805_09430114_004_01.h5
1903203,1903207,48.75048828125,-18.732988357543945,198.42705,,17.199081,,943,gt1r,processed_ATL08_20181129100805_09430114_004_01.h5
1903208,1903212,48.75038528442383,-18.732088088989258,199.12662,6.785585,20.289307,3.3299606,943,gt1r,processed_ATL08_20181129100805_09430114_004_01.h5
1903213,1903217,48.75028610229492,-18.73118782043457,203.71924,0.706335,32.60396,0.95973736,943,gt1r,processed_ATL08_20181129100805_09430114_004_01.h5
1903218,1903222,48.75019073486328,-18.730287551879883,193.06001,0.5780007,20.204666,0.81439465,943,gt1r,processed_ATL08_20181129100805_09430114_004_01.h5
1903223,1903227,48.75008773803711,-18.729389190673828,196.74542,1.8507054,19.465698,2.180661,943,gt1r,processed_ATL08_20181129100805_09430114_004_01.h5
1903229,1903232,48.74998474121094,-18.72848892211914,228.88823,,19.273972,,943,gt1r,processed_ATL08_20181129100805_09430114_004_01.h5
1903233,1903237,48.749881744384766,-18.727590560913086,226.18129,6.7893972,14.825378,3.6127493,943,gt1r,processed_ATL08_20181129100805_09430114_004_01.h5
1903238,1903242,48.74978256225586,-18.7266902923584,282.30536,13.29415,14.480743,5.855034,943,gt1r,processed_ATL08_20181129100805_09430114_004_01.h5
1903243,1903247,48.74968338012695,-18.725791931152344,274.68817,14.33166,15.293854,5.085127,943,gt1r,processed_ATL08_20181129100805_09430114_004_01.h5
1903248,1903250,48.749603271484375,-18.725072860717773,252.19858,0.91982675,14.062988,1.2557889,943,gt1r,processed_ATL08_20181129100805_09430114_004_01.h5
1903253,1903257,48.74948501586914,-18.7239933013916,276.57135,,28.915161,,943,gt1r,processed_ATL08_20181129100805_09430114_004_01.h5
1903258,1903262,48.749385833740234,-18.723093032836914,293.26846,,20.250458,,943,gt1r,processed_ATL08_20181129100805_09430114_004_01.h5
1903263,1903267,48.74928283691406,-18.722192764282227,291.57916,17.385073,17.364716,5.3589773,943,gt1r,processed_ATL08_20181129100805_09430114_004_01.h5
1903268,1903272,48.74917984008789,-18.721294403076172,260.7217,,18.354279,,943,gt1r,processed_ATL08_20181129100805_09430114_004_01.h5
1903273,1903277,48.74907684326172,-18.720396041870117,248.15723,6.4266725,19.797577,6.3323092,943,gt1r,processed_ATL08_20181129100805_09430114_004_01.h5
1903278,1903282,48.74897384643555,-18.71949577331543,237.31651,2.108388,20.44931,2.820796,943,gt1r,processed_ATL08_20181129100805_09430114_004_01.h5
1903288,1903292,48.748779296875,-18.717697143554688,311.6606,,59.342255,,943,gt1r,processed_ATL08_20181129100805_09430114_004_01.h5
1903293,1903297,48.748680114746094,-18.716796875,343.96628,,56.920197,,943,gt1r,processed_ATL08_20181129100805_09430114_004_01.h5
1903781,1903785,48.739646911621094,-18.62894058227539,244.16933,,24.035446,,943,gt1r,processed_ATL08_20181129100805_09430114_004_01.h5
1903786,1903789,48.739566802978516,-18.628040313720703,237.59267,,45.363266,,943,gt1r,processed_ATL08_20181129100805_09430114_004_01.h5
1903801,1903805,48.73929977416992,-18.625337600708008,173.68137,5.1934123,20.690842,5.1574683,943,gt1r,processed_ATL08_20181129100805_09430114_004_01.h5
1903806,1903810,48.73921585083008,-18.62443733215332,179.66505,,22.342102,,943,gt1r,processed_ATL08_20181129100805_09430114_004_01.h5
1903811,1903815,48.73912811279297,-18.623537063598633,199.5599,,21.265503,,943,gt1r,processed_ATL08_20181129100805_09430114_004_01.h5
1903816,1903820,48.739044189453125,-18.622634887695312,208.61134,,20.436783,,943,gt1r,processed_ATL08_20181129100805_09430114_004_01.h5
1903821,1903825,48.73896026611328,-18.621734619140625,220.83257,36.82526,9.992355,29.034758,943,gt1r,processed_ATL08_20181129100805_09430114_004_01.h5
1903826,1903829,48.73887252807617,-18.620834350585938,232.14154,,33.675186,,943,gt1r,processed_ATL08_20181129100805_09430114_004_01.h5
1903831,1903835,48.738800048828125,-18.620113372802734,236.05348,,41.21747,,943,gt1r,processed_ATL08_20181129100805_09430114_004_01.h5
1903836,1903840,48.73869323730469,-18.61903190612793,230.67564,15.535913,25.372284,13.208207,943,gt1r,processed_ATL08_20181129100805_09430114_004_01.h5
1903841,1903845,48.738609313964844,-18.618131637573242,229.02873,,28.614578,,943,gt1r,processed_ATL08_20181129100805_09430114_004_01.h5
1903846,1903850,48.738521575927734,-18.617231369018555,213.70546,15.106094,29.373444,15.195195,943,gt1r,processed_ATL08_20181129100805_09430114_004_01.h5
1903851,1903855,48.73843765258789,-18.616331100463867,202.01733,12.115951,6.929718,2.2170184,943,gt1r,processed_ATL08_20181129100805_09430114_004_01.h5
1903856,1903860,48.73834991455078,-18.615428924560547,228.33849,11.639687,8.877533,3.539493,943,gt1r,processed_ATL08_20181129100805_09430114_004_01.h5
1903861,1903865,48.73826217651367,-18.61452865600586,225.04884,6.7946234,10.231232,4.2978387,943,gt1r,processed_ATL08_20181129100805_09430114_004_01.h5
1903866,1903870,48.73817443847656,-18.613628387451172,222.36053,7.221054,6.451599,3.1010618,943,gt1r,processed_ATL08_20181129100805_09430114_004_01.h5
1903871,1903875,48.73808670043945,-18.612728118896484,212.8322,4.3833523,15.663269,4.490338,943,gt1r,processed_ATL08_20181129100805_09430114_004_01.h5
1903876,1903880,48.737998962402344,-18.611827850341797,243.31161,,11.41066,,943,gt1r,processed_ATL08_20181129100805_09430114_004_01.h5
1903881,1903885,48.737911224365234,-18.610925674438477,234.77234,23.442833,17.133621,13.667415,943,gt1r,processed_ATL08_20181129100805_09430114_004_01.h5
1903886,1903890,48.737823486328125,-18.61002540588379,240.90578,9.856615,22.318726,6.6221504,943,gt1r,processed_ATL08_20181129100805_09430114_004_01.h5
1903891,1903895,48.737735748291016,-18.6091251373291,254.49695,,12.861176,,943,gt1r,processed_ATL08_20181129100805_09430114_004_01.h5
1903896,1903900,48.73765182495117,-18.608224868774414,271.22076,18.532726,13.741882,4.653723,943,gt1r,processed_ATL08_20181129100805_09430114_004_01.h5
1903901,1903905,48.73756408691406,-18.607322692871094,308.96472,12.515332,14.188141,6.0292463,943,gt1r,processed_ATL08_20181129100805_09430114_004_01.h5
1903906,1903910,48.73747634887695,-18.606422424316406,333.5615,,13.183105,,943,gt1r,processed_ATL08_20181129100805_09430114_004_01.h5
1903911,1903915,48.73738479614258,-18.60552215576172,290.33398,10.874106,14.432098,4.5125914,943,gt1r,processed_ATL08_20181129100805_09430114_004_01.h5
1903916,1903920,48.7372932434082,-18.60462188720703,257.98557,,16.360565,,943,gt1r,processed_ATL08_20181129100805_09430114_004_01.h5
1903921,1903925,48.737205505371094,-18.603721618652344,259.84686,,26.447784,,943,gt1r,processed_ATL08_20181129100805_09430114_004_01.h5
1903926,1903930,48.737117767333984,-18.602821350097656,238.33725,15.670063,19.445343,6.705747,943,gt1r,processed_ATL08_20181129100805_09430114_004_01.h5
1903931,1903935,48.737030029296875,-18.60192108154297,202.64719,16.797098,,,943,gt1r,processed_ATL08_20181129100805_09430114_004_01.h5
1903936,1903940,48.736942291259766,-18.60102081298828,184.66656,,51.986847,,943,gt1r,processed_ATL08_20181129100805_09430114_004_01.h5
1903956,1903960,48.7365837097168,-18.5974178314209,168.71591,2.3484704,,,943,gt1r,processed_ATL08_20181129100805_09430114_004_01.h5
1903972,1903975,48.73630905151367,-18.594717025756836,169.52951,0.5381559,29.157364,0.753401,943,gt1r,processed_ATL08_20181129100805_09430114_004_01.h5
1903976,1903980,48.73622512817383,-18.59381675720215,172.00266,,18.128357,,943,gt1r,processed_ATL08_20181129100805_09430114_004_01.h5
1903981,1903985,48.73613357543945,-18.59291648864746,172.78653,0.18901323,,,943,gt1r,processed_ATL08_20181129100805_09430114_004_01.h5
1903986,1903990,48.73604202270508,-18.592016220092773,173.3663,0.30194876,18.862625,0.43665525,943,gt1r,processed_ATL08_20181129100805_09430114_004_01.h5
1903991,1903995,48.73595428466797,-18.591115951538086,193.30223,0.29280147,,,943,gt1r,processed_ATL08_20181129100805_09430114_004_01.h5
1904056,1904060,48.734764099121094,-18.579410552978516,265.06223,,29.344147,,943,gt1r,processed_ATL08_20181129100805_09430114_004_01.h5
1904061,1904065,48.73467254638672,-18.578510284423828,239.42064,,18.421173,,943,gt1r,processed_ATL08_20181129100805_09430114_004_01.h5
1904066,1904070,48.734580993652344,-18.57761001586914,233.08536,0.38701904,9.758362,0.55019534,943,gt1r,processed_ATL08_20181129100805_09430114_004_01.h5
1904071,1904075,48.7344856262207,-18.576709747314453,229.84674,2.4999247,16.21782,3.0722625,943,gt1r,processed_ATL08_20181129100805_09430114_004_01.h5
1904076,1904080,48.73439025878906,-18.5758113861084,229.20148,1.03238,10.957199,1.1006722,943,gt1r,processed_ATL08_20181129100805_09430114_004_01.h5
1904081,1904085,48.73429489135742,-18.57491111755371,228.94882,4.6843543,5.1728363,3.1365201,943,gt1r,processed_ATL08_20181129100805_09430114_004_01.h5
1904086,1904090,48.73420715332031,-18.574010848999023,240.871,13.479841,14.179703,3.78862,943,gt1r,processed_ATL08_20181129100805_09430114_004_01.h5
1904091,1904095,48.734107971191406,-18.573110580444336,252.28761,,21.749146,,943,gt1r,processed_ATL08_20181129100805_09430114_004_01.h5
1904096,1904100,48.73401641845703,-18.57221031188965,259.9214,,24.30133,,943,gt1r,processed_ATL08_20181129100805_09430114_004_01.h5
1904101,1904105,48.73392868041992,-18.57131004333496,275.56116,6.6563363,10.518188,5.0459814,943,gt1r,processed_ATL08_20181129100805_09430114_004_01.h5
1904106,1904110,48.73383331298828,-18.570409774780273,303.43332,,19.273102,,943,gt1r,processed_ATL08_20181129100805_09430114_004_01.h5
1904111,1904115,48.733734130859375,-18.569509506225586,292.52063,16.343494,20.932892,5.6348243,943,gt1r,processed_ATL08_20181129100805_09430114_004_01.h5
1904116,1904120,48.733642578125,-18.56861114501953,302.42322,,23.93982,,943,gt1r,processed_ATL08_20181129100805_09430114_004_01.h5
1904121,1904125,48.73354721069336,-18.567710876464844,293.30908,21.223627,20.409973,6.0470448,943,gt1r,processed_ATL08_20181129100805_09430114_004_01.h5
1904126,1904130,48.733455657958984,-18.566810607910156,297.69577,,7.4423523,,943,gt1r,processed_ATL08_20181129100805_09430114_004_01.h5
1904131,1904135,48.733360290527344,-18.56591033935547,289.2311,22.136171,10.51889,4.2094655,943,gt1r,processed_ATL08_20181129100805_09430114_004_01.h5
1899073,1899077,48.8271484375,-19.476457595825195,13.011525,0.1714106,14.371077,0.32121438,943,gt1l,processed_ATL08_20181129100805_09430114_004_01.h5
1899078,1899082,48.827056884765625,-19.475557327270508,10.302331,0.1769046,10.709718,0.25162897,943,gt1l,processed_ATL08_20181129100805_09430114_004_01.h5
1899083,1899087,48.826969146728516,-19.47465705871582,15.7507925,2.0193844,20.194214,0.96923053,943,gt1l,processed_ATL08_20181129100805_09430114_004_01.h5
1899088,1899092,48.826881408691406,-19.473756790161133,16.119093,,26.544544,,943,gt1l,processed_ATL08_20181129100805_09430114_004_01.h5
1899093,1899097,48.8267936706543,-19.472856521606445,9.001698,0.25840864,23.52543,0.6126442,943,gt1l,processed_ATL08_20181129100805_09430114_004_01.h5
1899098,1899102,48.82670593261719,-19.471954345703125,5.1364374,0.15156457,22.705202,0.39587712,943,gt1l,processed_ATL08_20181129100805_09430114_004_01.h5
1899103,1899107,48.826622009277344,-19.471054077148438,5.8596263,,18.654999,,943,gt1l,processed_ATL08_20181129100805_09430114_004_01.h5
1899108,1899112,48.82653045654297,-19.47015380859375,11.623564,1.0731547,27.117023,2.5665498,943,gt1l,processed_ATL08_20181129100805_09430114_004_01.h5
1899113,1899117,48.82644271850586,-19.469253540039062,13.262591,,30.93392,,943,gt1l,processed_ATL08_20181129100805_09430114_004_01.h5
1899118,1899122,48.82635498046875,-19.468353271484375,9.592892,0.22809571,17.204344,0.54798615,943,gt1l,processed_ATL08_20181129100805_09430114_004_01.h5
1899123,1899127,48.826271057128906,-19.467453002929688,2.1644456,0.044273682,17.797411,0.20846009,943,gt1l,processed_ATL08_20181129100805_09430114_004_01.h5
1899128,1899132,48.8261833190918,-19.466552734375,6.3558836,,25.728909,,943,gt1l,processed_ATL08_20181129100805_09430114_004_01.h5
1899134,1899137,48.82609558105469,-19.46565055847168,13.130495,3.4402633,21.356384,6.1934533,943,gt1l,processed_ATL08_20181129100805_09430114_004_01.h5
1899138,1899142,48.82600784301758,-19.464750289916992,18.060993,,22.674265,,943,gt1l,processed_ATL08_20181129100805_09430114_004_01.h5
1899143,1899147,48.82592010498047,-19.463850021362305,15.979952,3.0362232,21.289751,2.8824728,943,gt1l,processed_ATL08_20181129100805_09430114_004_01.h5
1899148,1899152,48.82583236694336,-19.462949752807617,6.9613075,1.0231332,15.729632,0.5954012,943,gt1l,processed_ATL08_20181129100805_09430114_004_01.h5
1899153,1899157,48.825748443603516,-19.46204948425293,4.1210513,0.059529144,13.617829,0.17793338,943,gt1l,processed_ATL08_20181129100805_09430114_004_01.h5
1899158,1899162,48.825660705566406,-19.461149215698242,2.8359165,,16.758644,,943,gt1l,processed_ATL08_20181129100805_09430114_004_01.h5
1899163,1899167,48.82557678222656,-19.460247039794922,3.7171407,0.04756544,16.42208,0.23594211,943,gt1l,processed_ATL08_20181129100805_09430114_004_01.h5
1899168,1899172,48.82548522949219,-19.459346771240234,3.7798388,,22.207222,,943,gt1l,processed_ATL08_20181129100805_09430114_004_01.h5
1899173,1899177,48.82539749145508,-19.458446502685547,10.981715,0.9974085,18.328598,1.8678703,943,gt1l,processed_ATL08_20181129100805_09430114_004_01.h5
1899178,1899182,48.825313568115234,-19.45754623413086,20.538074,,13.012033,,943,gt1l,processed_ATL08_20181129100805_09430114_004_01.h5
1899183,1899187,48.825225830078125,-19.456645965576172,14.901473,3.3294935,8.0441,1.3859499,943,gt1l,processed_ATL08_20181129100805_09430114_004_01.h5
1899188,1899192,48.82513427734375,-19.455745697021484,6.238252,0.40329173,17.161854,0.50408894,943,gt1l,processed_ATL08_20181129100805_09430114_004_01.h5
1899193,1899197,48.82504653930664,-19.454845428466797,14.535141,,22.191843,,943,gt1l,processed_ATL08_20181129100805_09430114_004_01.h5
1899198,1899202,48.82495880126953,-19.45394515991211,5.859837,,24.119802,,943,gt1l,processed_ATL08_20181129100805_09430114_004_01.h5
1899203,1899207,48.82487106323242,-19.45304298400879,1.419447,0.009146609,11.128003,0.06590115,943,gt1l,processed_ATL08_20181129100805_09430114_004_01.h5
1899208,1899212,48.82478332519531,-19.4521427154541,-2.61289,0.010422161,11.597989,0.04368553,943,gt1l,processed_ATL08_20181129100805_09430114_004_01.h5
1899213,1899217,48.8246955871582,-19.451242446899414,3.297295,0.018886745,21.154388,0.25972915,943,gt1l,processed_ATL08_20181129100805_09430114_004_01.h5
1899218,1899222,48.824607849121094,-19.450342178344727,22.976816,,27.73667,,943,gt1l,processed_ATL08_20181129100805_09430114_004_01.h5
1899223,1899227,48.824520111083984,-19.44944190979004,34.967854,5.9020786,15.517826,2.582426,943,gt1l,processed_ATL08_20181129100805_09430114_004_01.h5
1899228,1899232,48.82442855834961,-19.44854164123535,46.469307,11.556373,14.042694,2.2260597,943,gt1l,processed_ATL08_20181129100805_09430114_004_01.h5
1899233,1899237,48.824344635009766,-19.447641372680664,44.476566,,11.5850525,,943,gt1l,processed_ATL08_20181129100805_09430114_004_01.h5
1899238,1899242,48.82425308227539,-19.446741104125977,36.357597,5.4129877,15.381054,2.8255875,943,gt1l,processed_ATL08_20181129100805_09430114_004_01.h5
1899243,1899247,48.82415771484375,-19.44584083557129,34.262638,,9.49934,,943,gt1l,processed_ATL08_20181129100805_09430114_004_01.h5
1899248,1899252,48.824073791503906,-19.4449405670166,34.21293,3.794095,8.618206,1.7767216,943,gt1l,processed_ATL08_20181129100805_09430114_004_01.h5
1899253,1899257,48.8239860534668,-19.44403839111328,35.530533,,10.832577,,943,gt1l,processed_ATL08_20181129100805_09430114_004_01.h5
1899258,1899262,48.82389831542969,-19.443138122558594,29.922495,,16.763525,,943,gt1l,processed_ATL08_20181129100805_09430114_004_01.h5
1899263,1899267,48.82380676269531,-19.442237854003906,-0.43947935,0.090580076,22.031052,0.41683295,943,gt1l,processed_ATL08_20181129100805_09430114_004_01.h5
1899268,1899272,48.82371520996094,-19.44133758544922,-3.8823085,0.015467947,,,943,gt1l,processed_ATL08_20181129100805_09430114_004_01.h5
1899273,1899277,48.82362365722656,-19.440439224243164,-3.7342217,0.048443872,18.897644,0.11848405,943,gt1l,processed_ATL08_20181129100805_09430114_004_01.h5
1899278,1899282,48.82353210449219,-19.439538955688477,2.5405328,0.15087323,18.418415,0.5888219,943,gt1l,processed_ATL08_20181129100805_09430114_004_01.h5
1899283,1899287,48.823448181152344,-19.438636779785156,-0.47743618,0.05168338,11.06269,0.044322424,943,gt1l,processed_ATL08_20181129100805_09430114_004_01.h5
1899293,1899297,48.823265075683594,-19.43683624267578,18.45536,,15.521362,,943,gt1l,processed_ATL08_20181129100805_09430114_004_01.h5
1899298,1899302,48.823177337646484,-19.435935974121094,13.714046,1.9482807,13.236756,2.6491365,943,gt1l,processed_ATL08_20181129100805_09430114_004_01.h5
1899303,1899307,48.823089599609375,-19.435035705566406,1.5932341,0.011043506,21.337748,0.16045238,943,gt1l,processed_ATL08_20181129100805_09430114_004_01.h5
1899308,1899312,48.822998046875,-19.43413543701172,-0.08135005,,20.611797,,943,gt1l,processed_ATL08_20181129100805_09430114_004_01.h5
1899313,1899317,48.82290267944336,-19.43323516845703,0.40671372,,23.729633,,943,gt1l,processed_ATL08_20181129100805_09430114_004_01.h5
1899318,1899322,48.82281494140625,-19.432334899902344,0.05975263,0.0040188837,12.038296,0.07547161,943,gt1l,processed_ATL08_20181129100805_09430114_004_01.h5
1899323,1899327,48.822723388671875,-19.431434631347656,2.6989574,,20.682959,,943,gt1l,processed_ATL08_20181129100805_09430114_004_01.h5
1899328,1899332,48.8226318359375,-19.43053436279297,2.7207143,0.25140393,19.44055,1.1275113,943,gt1l,processed_ATL08_20181129100805_09430114_004_01.h5
1899333,1899337,48.82254409790039,-19.42963409423828,-2.709892,,12.271593,,943,gt1l,processed_ATL08_20181129100805_09430114_004_01.h5
1899338,1899342,48.82245635986328,-19.428733825683594,0.5400758,0.011301763,12.989887,0.13007624,943,gt1l,processed_ATL08_20181129100805_09430114_004_01.h5
1899348,1899352,48.822269439697266,-19.42693328857422,6.041326,,12.818233,,943,gt1l,processed_ATL08_20181129100805_09430114_004_01.h5
1899353,1899357,48.822174072265625,-19.426034927368164,4.131341,,16.455683,,943,gt1l,processed_ATL08_20181129100805_09430114_004_01.h5
1899358,1899362,48.82208251953125,-19.425134658813477,-1.8038068,0.089290954,15.309708,0.30296504,943,gt1l,processed_ATL08_20181129100805_09430114_004_01.h5
1899363,1899367,48.821990966796875,-19.42423439025879,-1.6751077,0.007122224,10.023945,0.02277206,943,gt1l,processed_ATL08_20181129100805_09430114_004_01.h5
1899368,1899372,48.821903228759766,-19.4233341217041,-1.5923274,0.03726389,10.779649,0.09502927,943,gt1l,processed_ATL08_20181129100805_09430114_004_01.h5
1899373,1899377,48.82181167602539,-19.422433853149414,2.543747,0.17814536,14.530777,0.66716075,943,gt1l,processed_ATL08_20181129100805_09430114_004_01.h5
1899378,1899382,48.82171630859375,-19.421533584594727,5.085862,,22.081059,,943,gt1l,processed_ATL08_20181129100805_09430114_004_01.h5
1899383,1899387,48.821624755859375,-19.42063331604004,2.220642,0.051336482,22.42149,0.4850623,943,gt1l,processed_ATL08_20181129100805_09430114_004_01.h5
1899388,1899392,48.821533203125,-19.41973304748535,1.7104698,0.059915513,20.344507,0.296964,943,gt1l,processed_ATL08_20181129100805_09430114_004_01.h5
1899393,1899397,48.821441650390625,-19.418832778930664,2.4401488,0.007083505,,,943,gt1l,processed_ATL08_20181129100805_09430114_004_01.h5
1899398,1899402,48.821346282958984,-19.417932510375977,1.9671688,0.19942972,14.036136,0.42237914,943,gt1l,processed_ATL08_20181129100805_09430114_004_01.h5
1899403,1899407,48.821250915527344,-19.417034149169922,3.5436153,0.018318504,12.173208,0.07222752,943,gt1l,processed_ATL08_20181129100805_09430114_004_01.h5
1899408,1899412,48.8211555480957,-19.416133880615234,3.620637,0.061405145,20.252502,0.2974939,943,gt1l,processed_ATL08_20181129100805_09430114_004_01.h5
1899413,1899417,48.821067810058594,-19.415233612060547,2.181858,0.042890903,19.208775,0.114102766,943,gt1l,processed_ATL08_20181129100805_09430114_004_01.h5
1899418,1899422,48.82097625732422,-19.41433334350586,7.686661,0.13323511,20.046074,0.44297278,943,gt1l,processed_ATL08_20181129100805_09430114_004_01.h5
1899423,1899427,48.82088088989258,-19.413433074951172,16.46724,,17.872402,,943,gt1l,processed_ATL08_20181129100805_09430114_004_01.h5
1899428,1899432,48.82078552246094,-19.412532806396484,17.993336,2.219088,12.66268,1.6290792,943,gt1l,processed_ATL08_20181129100805_09430114_004_01.h5
1899433,1899437,48.8206901550293,-19.41163444519043,17.33142,3.5334823,17.08604,2.2190635,943,gt1l,processed_ATL08_20181129100805_09430114_004_01.h5
1899438,1899442,48.820594787597656,-19.410734176635742,8.244858,,23.34811,,943,gt1l,processed_ATL08_20181129100805_09430114_004_01.h5
1899443,1899447,48.82049560546875,-19.409833908081055,7.591323,0.04506893,20.68323,0.13993238,943,gt1l,processed_ATL08_20181129100805_09430114_004_01.h5
1899448,1899452,48.82040023803711,-19.408933639526367,12.559389,,20.231274,,943,gt1l,processed_ATL08_20181129100805_09430114_004_01.h5
1899453,1899457,48.820308685302734,-19.40803337097168,21.754728,,13.049707,,943,gt1l,processed_ATL08_20181129100805_09430114_004_01.h5
1899458,1899462,48.82021713256836,-19.407135009765625,19.941767,2.7337172,12.161772,1.3951944,943,gt1l,processed_ATL08_20181129100805_09430114_004_01.h5
1899463,1899467,48.82012176513672,-19.406234741210938,15.898128,,17.62275,,943,gt1l,processed_ATL08_20181129100805_09430114_004_01.h5
1899468,1899472,48.82002639770508,-19.40533447265625,10.9043455,,17.772385,,943,gt1l,processed_ATL08_20181129100805_09430114_004_01.h5
1899473,1899477,48.81993103027344,-19.404434204101562,3.9862766,0.051755928,7.9296064,0.10944664,943,gt1l,processed_ATL08_20181129100805_09430114_004_01.h5
1899478,1899482,48.8198356628418,-19.403535842895508,0.6009174,0.07115822,38.731747,0.49106514,943,gt1l,processed_ATL08_20181129100805_09430114_004_01.h5
1899483,1899487,48.81973648071289,-19.40263557434082,6.9887915,,42.182518,,943,gt1l,processed_ATL08_20181129100805_09430114_004_01.h5
1899488,1899492,48.81964111328125,-19.401735305786133,18.235907,,39.863167,,943,gt1l,processed_ATL08_20181129100805_09430114_004_01.h5
1899493,1899497,48.81954574584961,-19.400835037231445,5.9594045,,44.55267,,943,gt1l,processed_ATL08_20181129100805_09430114_004_01.h5
1899498,1899502,48.81945037841797,-19.39993667602539,1.7803184,,38.65322,,943,gt1l,processed_ATL08_20181129100805_09430114_004_01.h5
1899503,1899507,48.81935501098633,-19.399036407470703,-3.477323,0.021987563,37.447697,0.18690746,943,gt1l,processed_ATL08_20181129100805_09430114_004_01.h5
1899508,1899512,48.81925964355469,-19.398136138916016,-2.8198469,0.03126642,31.200232,0.1821049,943,gt1l,processed_ATL08_20181129100805_09430114_004_01.h5
1899513,1899517,48.81916427612305,-19.397235870361328,9.297944,,36.680458,,943,gt1l,processed_ATL08_20181129100805_09430114_004_01.h5
1899518,1899522,48.81906509399414,-19.396337509155273,19.392834,,36.607132,,943,gt1l,processed_ATL08_20181129100805_09430114_004_01.h5
1899523,1899527,48.8189697265625,-19.395437240600586,18.94844,,35.098366,,943,gt1l,processed_ATL08_20181129100805_09430114_004_01.h5
1899528,1899532,48.81887435913086,-19.3945369720459,21.932663,,34.86763,,943,gt1l,processed_ATL08_20181129100805_09430114_004_01.h5
1899533,1899537,48.81877899169922,-19.393638610839844,23.346436,,34.403824,,943,gt1l,processed_ATL08_20181129100805_09430114_004_01.h5
1899538,1899542,48.81867599487305,-19.392738342285156,15.02995,,37.685272,,943,gt1l,processed_ATL08_20181129100805_09430114_004_01.h5
1899543,1899547,48.81857681274414,-19.3918399810791,7.9078665,,37.59613,,943,gt1l,processed_ATL08_20181129100805_09430114_004_01.h5
1899548,1899552,48.8184814453125,-19.390939712524414,-1.636491,0.17645626,34.854214,0.4843435,943,gt1l,processed_ATL08_20181129100805_09430114_004_01.h5
1899553,1899557,48.81838607788086,-19.390039443969727,7.9364495,0.016641788,11.779677,0.045099378,943,gt1l,processed_ATL08_20181129100805_09430114_004_01.h5
1899558,1899562,48.81828689575195,-19.389141082763672,6.1296406,0.48729903,17.507092,0.8136263,943,gt1l,processed_ATL08_20181129100805_09430114_004_01.h5
1899563,1899566,48.81818771362305,-19.388240814208984,9.713385,1.112327,14.095852,2.9751303,943,gt1l,processed_ATL08_20181129100805_09430114_004_01.h5
1899568,1899572,48.818092346191406,-19.387340545654297,2.4548411,,44.638687,,943,gt1l,processed_ATL08_20181129100805_09430114_004_01.h5
1899578,1899582,48.817893981933594,-19.385541915893555,29.082882,,45.571182,,943,gt1l,processed_ATL08_20181129100805_09430114_004_01.h5
1899583,1899587,48.81779479980469,-19.3846435546875,28.956236,3.8967443,34.640816,8.383924,943,gt1l,processed_ATL08_20181129100805_09430114_004_01.h5
1899588,1899592,48.817691802978516,-19.383743286132812,45.182358,,44.841644,,943,gt1l,processed_ATL08_20181129100805_09430114_004_01.h5
1899593,1899597,48.81759262084961,-19.382843017578125,61.636257,,42.172096,,943,gt1l,processed_ATL08_20181129100805_09430114_004_01.h5
1899598,1899602,48.81749725341797,-19.38194465637207,66.308754,,44.08297,,943,gt1l,processed_ATL08_20181129100805_09430114_004_01.h5
1899603,1899607,48.81740188598633,-19.381044387817383,59.35524,,55.06459,,943,gt1l,processed_ATL08_20181129100805_09430114_004_01.h5
1899614,1899617,48.817203521728516,-19.37924575805664,44.249615,,35.80924,,943,gt1l,processed_ATL08_20181129100805_09430114_004_01.h5
1899618,1899622,48.817100524902344,-19.378345489501953,22.202938,,39.76809,,943,gt1l,processed_ATL08_20181129100805_09430114_004_01.h5
1899623,1899627,48.81700134277344,-19.3774471282959,14.141718,,33.163063,,943,gt1l,processed_ATL08_20181129100805_09430114_004_01.h5
1899628,1899632,48.81690216064453,-19.37654685974121,29.088968,,29.123917,,943,gt1l,processed_ATL08_20181129100805_09430114_004_01.h5
1899633,1899637,48.816802978515625,-19.375648498535156,37.22594,,29.964458,,943,gt1l,processed_ATL08_20181129100805_09430114_004_01.h5
1899638,1899642,48.81670379638672,-19.37474822998047,30.750229,,34.589073,,943,gt1l,processed_ATL08_20181129100805_09430114_004_01.h5
1899643,1899647,48.81660461425781,-19.373849868774414,18.054802,,32.596775,,943,gt1l,processed_ATL08_20181129100805_09430114_004_01.h5
1899648,1899652,48.816505432128906,-19.372949600219727,17.147743,,30.724949,,943,gt1l,processed_ATL08_20181129100805_09430114_004_01.h5
1899653,1899657,48.81640625,-19.372051239013672,25.161114,,22.633583,,943,gt1l,processed_ATL08_20181129100805_09430114_004_01.h5
1899658,1899662,48.81630325317383,-19.371150970458984,29.161898,,29.090872,,943,gt1l,processed_ATL08_20181129100805_09430114_004_01.h5
1899663,1899667,48.81620407104492,-19.37025260925293,32.694447,,20.947453,,943,gt1l,processed_ATL08_20181129100805_09430114_004_01.h5
1899668,1899671,48.816104888916016,-19.369352340698242,40.700226,9.850587,21.292511,9.121169,943,gt1l,processed_ATL08_20181129100805_09430114_004_01.h5
1899673,1899677,48.81600570678711,-19.368452072143555,50.751312,,30.698853,,943,gt1l,processed_ATL08_20181129100805_09430114_004_01.h5
1899678,1899682,48.81590270996094,-19.3675537109375,59.207703,,26.071198,,943,gt1l,processed_ATL08_20181129100805_09430114_004_01.h5
1899683,1899687,48.815799713134766,-19.366655349731445,65.39949,,20.038979,,943,gt1l,processed_ATL08_20181129100805_09430114_004_01.h5
1899688,1899692,48.81570816040039,-19.365755081176758,71.050476,2.6314745,14.872322,2.9823506,943,gt1l,processed_ATL08_20181129100805_09430114_004_01.h5
1899693,1899697,48.815608978271484,-19.36485481262207,67.129105,8.665357,23.220448,3.540802,943,gt1l,processed_ATL08_20181129100805_09430114_004_01.h5
1899698,1899702,48.81550598144531,-19.363956451416016,55.412422,3.0662746,28.053543,3.585947,943,gt1l,processed_ATL08_20181129100805_09430114_004_01.h5
1899703,1899707,48.81540298461914,-19.363056182861328,55.296787,,30.265057,,943,gt1l,processed_ATL08_20181129100805_09430114_004_01.h5
1899708,1899712,48.815303802490234,-19.362157821655273,58.150745,,27.005493,,943,gt1l,processed_ATL08_20181129100805_09430114_004_01.h5
1899713,1899717,48.81520080566406,-19.361257553100586,51.143982,,27.239086,,943,gt1l,processed_ATL08_20181129100805_09430114_004_01.h5
1899718,1899722,48.81509780883789,-19.36035919189453,34.739944,,31.943699,,943,gt1l,processed_ATL08_20181129100805_09430114_004_01.h5
1899723,1899727,48.81499481201172,-19.359460830688477,40.926617,0.23253322,14.760231,0.36960137,943,gt1l,processed_ATL08_20181129100805_09430114_004_01.h5
1899728,1899732,48.81489944458008,-19.35856056213379,41.878716,0.54354644,14.903309,0.7929461,943,gt1l,processed_ATL08_20181129100805_09430114_004_01.h5
1899733,1899737,48.81480026245117,-19.3576602935791,37.236687,,27.632957,,943,gt1l,processed_ATL08_20181129100805_09430114_004_01.h5
1899738,1899742,48.814697265625,-19.356761932373047,45.575104,,38.13454,,943,gt1l,processed_ATL08_20181129100805_09430114_004_01.h5
1899743,1899747,48.814598083496094,-19.35586166381836,57.876167,,35.783184,,943,gt1l,processed_ATL08_20181129100805_09430114_004_01.h5
1899748,1899752,48.81449508666992,-19.354963302612305,47.412643,,32.679028,,943,gt1l,processed_ATL08_20181129100805_09430114_004_01.h5
1899753,1899757,48.814395904541016,-19.354063034057617,45.994568,0.28853956,18.425308,0.46162033,943,gt1l,processed_ATL08_20181129100805_09430114_004_01.h5
1899758,1899762,48.81429672241211,-19.353164672851562,46.77369,0.42211428,14.525761,0.64133906,943,gt1l,processed_ATL08_20181129100805_09430114_004_01.h5
1899763,1899767,48.81419372558594,-19.352264404296875,47.615616,0.16884686,,,943,gt1l,processed_ATL08_20181129100805_09430114_004_01.h5
1899768,1899772,48.81409454345703,-19.35136604309082,48.585335,0.17585705,23.346882,0.31404915,943,gt1l,processed_ATL08_20181129100805_09430114_004_01.h5
1899773,1899777,48.813995361328125,-19.350465774536133,50.421505,,30.23151,,943,gt1l,processed_ATL08_20181129100805_09430114_004_01.h5
1899778,1899782,48.81389617919922,-19.349567413330078,48.830856,8.201489,29.250614,6.4465566,943,gt1l,processed_ATL08_20181129100805_09430114_004_01.h5
1899783,1899787,48.81379699707031,-19.34866714477539,49.17017,,20.854343,,943,gt1l,processed_ATL08_20181129100805_09430114_004_01.h5
1899818,1899822,48.81309509277344,-19.342370986938477,33.309357,,39.190758,,943,gt1l,processed_ATL08_20181129100805_09430114_004_01.h5
1899823,1899827,48.81299591064453,-19.341472625732422,26.953163,0.44135907,36.66774,1.0910468,943,gt1l,processed_ATL08_20181129100805_09430114_004_01.h5
1899828,1899831,48.812896728515625,-19.340572357177734,28.98599,0.7841675,,,943,gt1l,processed_ATL08_20181129100805_09430114_004_01.h5
1899834,1899837,48.81279754638672,-19.33967399597168,40.914852,,36.59116,,943,gt1l,processed_ATL08_20181129100805_09430114_004_01.h5
1899838,1899842,48.81270217895508,-19.338773727416992,52.360218,,36.49718,,943,gt1l,processed_ATL08_20181129100805_09430114_004_01.h5
1899843,1899847,48.812599182128906,-19.337875366210938,51.82157,,37.109234,,943,gt1l,processed_ATL08_20181129100805_09430114_004_01.h5
1899848,1899852,48.8125,-19.33697509765625,42.873547,,32.46666,,943,gt1l,processed_ATL08_20181129100805_09430114_004_01.h5
1899853,1899857,48.812400817871094,-19.336074829101562,37.889637,,37.199677,,943,gt1l,processed_ATL08_20181129100805_09430114_004_01.h5
1899858,1899862,48.81230163574219,-19.335176467895508,37.36339,,38.388718,,943,gt1l,processed_ATL08_20181129100805_09430114_004_01.h5
1899863,1899867,48.81220626831055,-19.33427619934082,36.20572,,40.92188,,943,gt1l,processed_ATL08_20181129100805_09430114_004_01.h5
1899868,1899872,48.81210708618164,-19.333377838134766,42.919907,3.4160192,20.32391,1.5766547,943,gt1l,processed_ATL08_20181129100805_09430114_004_01.h5
1899873,1899877,48.81200408935547,-19.332477569580078,47.79547,1.6772816,19.629845,1.703174,943,gt1l,processed_ATL08_20181129100805_09430114_004_01.h5
1899878,1899882,48.81190872192383,-19.33157730102539,50.02568,,38.492214,,943,gt1l,processed_ATL08_20181129100805_09430114_004_01.h5
1899883,1899887,48.81181335449219,-19.330678939819336,59.442642,,43.658245,,943,gt1l,processed_ATL08_20181129100805_09430114_004_01.h5
1899889,1899892,48.811710357666016,-19.32977867126465,55.652725,,40.99787,,943,gt1l,processed_ATL08_20181129100805_09430114_004_01.h5
1899893,1899897,48.811614990234375,-19.328880310058594,53.4647,,32.780464,,943,gt1l,processed_ATL08_20181129100805_09430114_004_01.h5
1899898,1899902,48.811519622802734,-19.327980041503906,58.548016,,32.01027,,943,gt1l,processed_ATL08_20181129100805_09430114_004_01.h5
1899903,1899907,48.81142044067383,-19.32707977294922,66.169556,,31.148788,,943,gt1l,processed_ATL08_20181129100805_09430114_004_01.h5
1899908,1899912,48.81132125854492,-19.326181411743164,59.775803,,31.792812,,943,gt1l,processed_ATL08_20181129100805_09430114_004_01.h5
1899913,1899917,48.811222076416016,-19.325281143188477,47.663982,,29.710453,,943,gt1l,processed_ATL08_20181129100805_09430114_004_01.h5
1899918,1899922,48.811126708984375,-19.32438087463379,35.222298,,25.49678,,943,gt1l,processed_ATL08_20181129100805_09430114_004_01.h5
1899923,1899927,48.811031341552734,-19.323482513427734,26.179518,,27.233608,,943,gt1l,processed_ATL08_20181129100805_09430114_004_01.h5
1899928,1899932,48.81093215942383,-19.322582244873047,26.74281,,29.056526,,943,gt1l,processed_ATL08_20181129100805_09430114_004_01.h5
1899933,1899937,48.81083679199219,-19.32168197631836,17.16709,,36.106567,,943,gt1l,processed_ATL08_20181129100805_09430114_004_01.h5
1899938,1899942,48.81073760986328,-19.320783615112305,12.441818,,36.118355,,943,gt1l,processed_ATL08_20181129100805_09430114_004_01.h5
1899943,1899947,48.810638427734375,-19.319883346557617,19.690887,,34.837082,,943,gt1l,processed_ATL08_20181129100805_09430114_004_01.h5
1899948,1899952,48.810543060302734,-19.31898307800293,13.877304,0.10808641,34.58635,0.32869962,943,gt1l,processed_ATL08_20181129100805_09430114_004_01.h5
1899953,1899957,48.810447692871094,-19.318084716796875,16.440691,,31.608788,,943,gt1l,processed_ATL08_20181129100805_09430114_004_01.h5
1899958,1899962,48.81035232543945,-19.317184448242188,12.322551,0.070007585,31.671097,0.21718086,943,gt1l,processed_ATL08_20181129100805_09430114_004_01.h5
1899963,1899967,48.81025695800781,-19.3162841796875,12.197525,0.024912253,,,943,gt1l,processed_ATL08_20181129100805_09430114_004_01.h5
1899968,1899972,48.81016540527344,-19.315383911132812,11.102547,0.49739167,30.33955,0.9193874,943,gt1l,processed_ATL08_20181129100805_09430114_004_01.h5
1899973,1899977,48.81006622314453,-19.314483642578125,17.138222,,30.0923,,943,gt1l,processed_ATL08_20181129100805_09430114_004_01.h5
1899978,1899982,48.80997085571289,-19.31358528137207,12.709673,0.04768279,16.195778,0.10642388,943,gt1l,processed_ATL08_20181129100805_09430114_004_01.h5
1899983,1899987,48.80987548828125,-19.312685012817383,12.00595,0.04022785,5.815032,0.07219499,943,gt1l,processed_ATL08_20181129100805_09430114_004_01.h5
1899988,1899992,48.809776306152344,-19.311784744262695,11.720495,0.09978301,10.62892,0.1871202,943,gt1l,processed_ATL08_20181129100805_09430114_004_01.h5
1899993,1899997,48.80968475341797,-19.31088638305664,24.25638,5.129346,16.539604,1.3534535,943,gt1l,processed_ATL08_20181129100805_09430114_004_01.h5
1899998,1900002,48.80958938598633,-19.309986114501953,22.495066,3.8521612,18.763159,1.7112373,943,gt1l,processed_ATL08_20181129100805_09430114_004_01.h5
1900003,1900007,48.80949401855469,-19.309085845947266,14.954805,0.087698,27.876825,0.24857335,943,gt1l,processed_ATL08_20181129100805_09430114_004_01.h5
1900008,1900012,48.80940246582031,-19.308185577392578,20.690413,,30.944002,,943,gt1l,processed_ATL08_20181129100805_09430114_004_01.h5
1900019,1900022,48.80921173095703,-19.306385040283203,11.200874,,22.72343,,943,gt1l,processed_ATL08_20181129100805_09430114_004_01.h5
1900023,1900027,48.809120178222656,-19.30548667907715,12.7397175,0.0477283,19.19955,0.11710105,943,gt1l,processed_ATL08_20181129100805_09430114_004_01.h5
1900028,1900032,48.809024810791016,-19.30458641052246,20.232058,,20.110027,,943,gt1l,processed_ATL08_20181129100805_09430114_004_01.h5
1900033,1900037,48.808929443359375,-19.303686141967773,36.247112,9.118607,11.972004,3.2566545,943,gt1l,processed_ATL08_20181129100805_09430114_004_01.h5
1900038,1900042,48.808834075927734,-19.302785873413086,28.715286,,13.207512,,943,gt1l,processed_ATL08_20181129100805_09430114_004_01.h5
1900043,1900047,48.808738708496094,-19.3018856048584,14.281202,0.10436919,11.6617365,0.1735327,943,gt1l,processed_ATL08_20181129100805_09430114_004_01.h5
1900048,1900052,48.80864715576172,-19.300987243652344,16.385569,1.7610111,10.466152,1.0160708,943,gt1l,processed_ATL08_20181129100805_09430114_004_01.h5
1900053,1900057,48.808555603027344,-19.300086975097656,20.45442,2.106172,8.266312,1.0037955,943,gt1l,processed_ATL08_20181129100805_09430114_004_01.h5
1900058,1900062,48.80846405029297,-19.29918670654297,20.863333,0.4846188,6.7784996,0.69829017,943,gt1l,processed_ATL08_20181129100805_09430114_004_01.h5
1900063,1900067,48.80836868286133,-19.29828643798828,17.483454,0.58238727,7.595276,0.7287014,943,gt1l,processed_ATL08_20181129100805_09430114_004_01.h5
1900068,1900072,48.80827331542969,-19.297386169433594,15.789821,0.4302829,9.416414,0.5285881,943,gt1l,processed_ATL08_20181129100805_09430114_004_01.h5
1900078,1900082,48.80809020996094,-19.29558563232422,19.139488,0.8578102,10.709553,1.1092108,943,gt1l,processed_ATL08_20181129100805_09430114_004_01.h5
1900083,1900087,48.80799865722656,-19.29468536376953,7.187347,0.13617504,20.14131,0.34637302,943,gt1l,processed_ATL08_20181129100805_09430114_004_01.h5
1900088,1900092,48.80790710449219,-19.293785095214844,28.48193,,22.208958,,943,gt1l,processed_ATL08_20181129100805_09430114_004_01.h5
1900093,1900097,48.80781555175781,-19.292884826660156,34.617077,,19.283237,,943,gt1l,processed_ATL08_20181129100805_09430114_004_01.h5
1900098,1900102,48.80772399902344,-19.29198455810547,15.51989,1.3352911,,,943,gt1l,processed_ATL08_20181129100805_09430114_004_01.h5
1900103,1900107,48.8076286315918,-19.291086196899414,19.497082,3.943159,15.017189,1.596754,943,gt1l,processed_ATL08_20181129100805_09430114_004_01.h5
1900108,1900112,48.80753707885742,-19.290185928344727,15.137537,0.72808176,18.500563,0.7752414,943,gt1l,processed_ATL08_20181129100805_09430114_004_01.h5
1900113,1900117,48.80744934082031,-19.28928565979004,11.876519,0.08413074,6.159189,0.14652547,943,gt1l,processed_ATL08_20181129100805_09430114_004_01.h5
1900118,1900122,48.80735397338867,-19.28838539123535,11.39326,0.036943555,5.637882,0.06392005,943,gt1l,processed_ATL08_20181129100805_09430114_004_01.h5
1900123,1900127,48.80725860595703,-19.287485122680664,13.620071,0.7056574,13.609993,0.67470187,943,gt1l,processed_ATL08_20181129100805_09430114_004_01.h5
1900128,1900132,48.80717086791992,-19.286584854125977,12.855019,0.09077044,13.068578,0.1603221,943,gt1l,processed_ATL08_20181129100805_09430114_004_01.h5
1900133,1900137,48.80708312988281,-19.28568458557129,15.669158,0.03269946,,,943,gt1l,processed_ATL08_20181129100805_09430114_004_01.h5
1900138,1900142,48.80699157714844,-19.2847843170166,15.590122,0.08042556,9.463005,0.12263623,943,gt1l,processed_ATL08_20181129100805_09430114_004_01.h5
1900143,1900147,48.80690002441406,-19.283884048461914,21.289854,,13.169558,,943,gt1l,processed_ATL08_20181129100805_09430114_004_01.h5
1900148,1900152,48.80680847167969,-19.282983779907227,22.737873,2.57651,18.559065,1.3461108,943,gt1l,processed_ATL08_20181129100805_09430114_004_01.h5
1900153,1900157,48.80671691894531,-19.28208351135254,29.692493,0.084695354,11.7472,0.12643655,943,gt1l,processed_ATL08_20181129100805_09430114_004_01.h5
1900158,1900162,48.8066291809082,-19.28118324279785,54.193687,,16.221394,,943,gt1l,processed_ATL08_20181129100805_09430114_004_01.h5
1900163,1900167,48.806541442871094,-19.280282974243164,60.161293,,27.809097,,943,gt1l,processed_ATL08_20181129100805_09430114_004_01.h5
1900168,1900172,48.806453704833984,-19.279380798339844,80.44668,13.641963,29.366524,6.611075,943,gt1l,processed_ATL08_20181129100805_09430114_004_01.h5
1900173,1900177,48.80636215209961,-19.27848243713379,79.41204,,27.22332,,943,gt1l,processed_ATL08_20181129100805_09430114_004_01.h5
1900178,1900182,48.806270599365234,-19.2775821685791,64.83803,5.4474263,21.075111,4.6871104,943,gt1l,processed_ATL08_20181129100805_09430114_004_01.h5
1900183,1900187,48.806182861328125,-19.27667999267578,62.353737,0.24176297,16.135498,0.36148816,943,gt1l,processed_ATL08_20181129100805_09430114_004_01.h5
1900188,1900192,48.806095123291016,-19.275779724121094,62.268543,0.15512185,12.073135,0.21719334,943,gt1l,processed_ATL08_20181129100805_09430114_004_01.h5
1900193,1900197,48.80600357055664,-19.274879455566406,62.81616,1.0663282,9.67659,1.3050065,943,gt1l,processed_ATL08_20181129100805_09430114_004_01.h5
1900198,1900202,48.805912017822266,-19.27397918701172,63.313503,0.6929918,19.14806,0.9338113,943,gt1l,processed_ATL08_20181129100805_09430114_004_01.h5
1900203,1900207,48.80582809448242,-19.27307891845703,64.95609,5.779461,16.009605,5.207538,943,gt1l,processed_ATL08_20181129100805_09430114_004_01.h5
1900208,1900212,48.80573654174805,-19.272178649902344,69.10722,0.27474064,13.458069,0.2586156,943,gt1l,processed_ATL08_20181129100805_09430114_004_01.h5
1900213,1900217,48.80564498901367,-19.271278381347656,74.280785,0.15303779,12.707352,0.21370631,943,gt1l,processed_ATL08_20181129100805_09430114_004_01.h5
1900218,1900222,48.80555725097656,-19.27037811279297,82.095436,10.999578,20.891075,4.5447226,943,gt1l,processed_ATL08_20181129100805_09430114_004_01.h5
1900223,1900227,48.80546951293945,-19.26947784423828,84.45053,4.0418715,22.355957,0.92996126,943,gt1l,processed_ATL08_20181129100805_09430114_004_01.h5
1900228,1900232,48.805381774902344,-19.268577575683594,82.771255,3.4330542,19.347717,2.948292,943,gt1l,processed_ATL08_20181129100805_09430114_004_01.h5
1900233,1900237,48.80529022216797,-19.267677307128906,93.709526,,28.906494,,943,gt1l,processed_ATL08_20181129100805_09430114_004_01.h5
1900238,1900242,48.805198669433594,-19.26677703857422,118.07294,,30.940392,,943,gt1l,processed_ATL08_20181129100805_09430114_004_01.h5
1900243,1900247,48.80511474609375,-19.26587677001953,142.8535,,27.416565,,943,gt1l,processed_ATL08_20181129100805_09430114_004_01.h5
1900248,1900252,48.80502700805664,-19.26497459411621,164.40909,,19.716217,,943,gt1l,processed_ATL08_20181129100805_09430114_004_01.h5
1900253,1900257,48.80493927001953,-19.264074325561523,167.62611,,15.848846,,943,gt1l,processed_ATL08_20181129100805_09430114_004_01.h5
1900258,1900262,48.804847717285156,-19.263174057006836,170.53755,,20.50293,,943,gt1l,processed_ATL08_20181129100805_09430114_004_01.h5
1900268,1900272,48.80467224121094,-19.26137351989746,208.46997,,25.23053,,943,gt1l,processed_ATL08_20181129100805_09430114_004_01.h5
1900273,1900277,48.80458450317383,-19.260473251342773,233.1312,,31.677414,,943,gt1l,processed_ATL08_20181129100805_09430114_004_01.h5
1900278,1900282,48.804500579833984,-19.259571075439453,250.8215,35.673702,31.617233,17.065243,943,gt1l,processed_ATL08_20181129100805_09430114_004_01.h5
1900283,1900287,48.80440902709961,-19.258670806884766,225.60349,38.364162,35.355972,19.141838,943,gt1l,processed_ATL08_20181129100805_09430114_004_01.h5
1900288,1900292,48.8043212890625,-19.257770538330078,222.14523,,21.293213,,943,gt1l,processed_ATL08_20181129100805_09430114_004_01.h5
1900293,1900297,48.804229736328125,-19.25687026977539,220.21329,,24.157318,,943,gt1l,processed_ATL08_20181129100805_09430114_004_01.h5
1900298,1900302,48.80414581298828,-19.255970001220703,219.49939,36.57388,21.44635,27.079527,943,gt1l,processed_ATL08_20181129100805_09430114_004_01.h5
1900308,1900312,48.8039665222168,-19.254169464111328,224.16927,2.450444,16.463898,3.4543555,943,gt1l,processed_ATL08_20181129100805_09430114_004_01.h5
1900314,1900317,48.80388259887695,-19.25326919555664,243.01765,,20.294647,,943,gt1l,processed_ATL08_20181129100805_09430114_004_01.h5
1900319,1900322,48.803794860839844,-19.25236701965332,263.1971,51.760414,24.353607,25.644278,943,gt1l,processed_ATL08_20181129100805_09430114_004_01.h5
1900323,1900327,48.803707122802734,-19.251466751098633,275.97495,6.618548,14.092743,9.147926,943,gt1l,processed_ATL08_20181129100805_09430114_004_01.h5
1900328,1900332,48.80362319946289,-19.250566482543945,281.9902,20.092344,14.868469,20.41427,943,gt1l,processed_ATL08_20181129100805_09430114_004_01.h5
1900338,1900342,48.803443908691406,-19.24876594543457,302.73444,,24.08783,,943,gt1l,processed_ATL08_20181129100805_09430114_004_01.h5
1900343,1900347,48.8033561706543,-19.247865676879883,302.3667,,22.59433,,943,gt1l,processed_ATL08_20181129100805_09430114_004_01.h5
1900348,1900352,48.80326843261719,-19.246965408325195,292.98676,11.233591,18.51065,8.803918,943,gt1l,processed_ATL08_20181129100805_09430114_004_01.h5
1900353,1900357,48.80317687988281,-19.246065139770508,277.76453,,25.487183,,943,gt1l,processed_ATL08_20181129100805_09430114_004_01.h5
1900358,1900362,48.80308532714844,-19.24516487121582,259.97058,14.3790045,23.988113,12.690745,943,gt1l,processed_ATL08_20181129100805_09430114_004_01.h5
1900363,1900367,48.803001403808594,-19.2442626953125,241.85838,,25.08664,,943,gt1l,processed_ATL08_20181129100805_09430114_004_01.h5
1900368,1900372,48.80290985107422,-19.243362426757812,235.38417,38.96213,24.02565,23.206202,943,gt1l,processed_ATL08_20181129100805_09430114_004_01.h5
1900373,1900377,48.80282211303711,-19.242462158203125,221.34454,,25.724258,,943,gt1l,processed_ATL08_20181129100805_09430114_004_01.h5
1900388,1900392,48.80255889892578,-19.239761352539062,235.31609,,41.812897,,943,gt1l,processed_ATL08_20181129100805_09430114_004_01.h5
1900393,1900397,48.80247116088867,-19.238861083984375,232.99196,2.3471377,28.896622,3.2667809,943,gt1l,processed_ATL08_20181129100805_09430114_004_01.h5
1900398,1900402,48.8023796081543,-19.237960815429688,247.56647,,23.316177,,943,gt1l,processed_ATL08_20181129100805_09430114_004_01.h5
1900403,1900407,48.80229568481445,-19.237058639526367,259.25595,,29.781265,,943,gt1l,processed_ATL08_20181129100805_09430114_004_01.h5
1900408,1900412,48.80221176147461,-19.23615837097168,287.20312,,38.14856,,943,gt1l,processed_ATL08_20181129100805_09430114_004_01.h5
1900413,1900417,48.802120208740234,-19.235258102416992,319.6353,,30.422913,,943,gt1l,processed_ATL08_20181129100805_09430114_004_01.h5
1900423,1900427,48.801944732666016,-19.233457565307617,431.02325,,51.585266,,943,gt1l,processed_ATL08_20181129100805_09430114_004_01.h5
1900428,1900432,48.80185317993164,-19.23255729675293,440.12186,,37.144806,,943,gt1l,processed_ATL08_20181129100805_09430114_004_01.h5
1900433,1900436,48.8017692565918,-19.231657028198242,415.6379,,36.38443,,943,gt1l,processed_ATL08_20181129100805_09430114_004_01.h5
1900439,1900442,48.801673889160156,-19.230756759643555,399.27536,,26.314117,,943,gt1l,processed_ATL08_20181129100805_09430114_004_01.h5
1900443,1900447,48.80158233642578,-19.229856491088867,417.28357,,34.905273,,943,gt1l,processed_ATL08_20181129100805_09430114_004_01.h5
1900448,1900452,48.8015022277832,-19.228954315185547,417.48398,,36.32483,,943,gt1l,processed_ATL08_20181129100805_09430114_004_01.h5
1900453,1900457,48.80141067504883,-19.22805404663086,367.9392,74.7733,40.954712,36.854683,943,gt1l,processed_ATL08_20181129100805_09430114_004_01.h5
1900458,1900462,48.80131912231445,-19.227153778076172,350.18832,7.980257,19.037079,10.174002,943,gt1l,processed_ATL08_20181129100805_09430114_004_01.h5
1900463,1900467,48.801231384277344,-19.226253509521484,350.62683,2.7403846,16.759918,3.8969204,943,gt1l,processed_ATL08_20181129100805_09430114_004_01.h5
1900468,1900472,48.801143646240234,-19.225353240966797,361.6395,27.607664,21.755554,23.755482,943,gt1l,processed_ATL08_20181129100805_09430114_004_01.h5
1900473,1900477,48.801055908203125,-19.22445297241211,382.4135,,14.255341,,943,gt1l,processed_ATL08_20181129100805_09430114_004_01.h5
1900478,1900482,48.80096435546875,-19.223552703857422,380.2426,34.723476,11.4097595,13.3049,943,gt1l,processed_ATL08_20181129100805_09430114_004_01.h5
1900483,1900487,48.800872802734375,-19.222652435302734,363.85797,73.09335,12.504913,21.770744,943,gt1l,processed_ATL08_20181129100805_09430114_004_01.h5
1900488,1900492,48.800785064697266,-19.221752166748047,341.0926,14.92614,12.494263,18.2074,943,gt1l,processed_ATL08_20181129100805_09430114_004_01.h5
1900493,1900497,48.800697326660156,-19.22085189819336,346.4995,21.646282,7.3114014,22.459368,943,gt1l,processed_ATL08_20181129100805_09430114_004_01.h5
1900498,1900502,48.80060958862305,-19.219951629638672,354.75842,29.466118,7.623535,17.391636,943,gt1l,processed_ATL08_20181129100805_09430114_004_01.h5
1900503,1900507,48.80051803588867,-19.219051361083984,357.8921,,11.009125,,943,gt1l,processed_ATL08_20181129100805_09430114_004_01.h5
1900508,1900512,48.8004264831543,-19.218151092529297,351.4859,49.752186,13.333801,11.378228,943,gt1l,processed_ATL08_20181129100805_09430114_004_01.h5
1900513,1900517,48.80033874511719,-19.21725082397461,336.27484,26.109062,17.414124,27.234678,943,gt1l,processed_ATL08_20181129100805_09430114_004_01.h5
1900518,1900522,48.80025100708008,-19.21634864807129,333.4356,30.402727,17.66388,15.607839,943,gt1l,processed_ATL08_20181129100805_09430114_004_01.h5
1900523,1900527,48.8001594543457,-19.2154483795166,337.95847,56.08507,8.92041,43.831295,943,gt1l,processed_ATL08_20181129100805_09430114_004_01.h5
1900528,1900532,48.80006790161133,-19.214548110961914,342.5905,,19.772705,,943,gt1l,processed_ATL08_20181129100805_09430114_004_01.h5
1900533,1900537,48.799983978271484,-19.213647842407227,336.47717,,23.808807,,943,gt1l,processed_ATL08_20181129100805_09430114_004_01.h5
1900543,1900547,48.79979705810547,-19.21184730529785,310.1041,44.317707,9.283051,20.156275,943,gt1l,processed_ATL08_20181129100805_09430114_004_01.h5
1900548,1900552,48.799713134765625,-19.210947036743164,298.9814,,12.670044,,943,gt1l,processed_ATL08_20181129100805_09430114_004_01.h5
1900553,1900557,48.799617767333984,-19.210046768188477,291.2157,1.4026856,8.444458,1.9860569,943,gt1l,processed_ATL08_20181129100805_09430114_004_01.h5
1900558,1900562,48.799522399902344,-19.20914649963379,289.37723,0.5580712,4.5863647,0.7871741,943,gt1l,processed_ATL08_20181129100805_09430114_004_01.h5
1900563,1900567,48.799434661865234,-19.2082462310791,288.8413,1.1203208,6.7960815,1.4741967,943,gt1l,processed_ATL08_20181129100805_09430114_004_01.h5
1900569,1900572,48.799339294433594,-19.207345962524414,289.5705,1.0933056,3.3207397,1.495493,943,gt1l,processed_ATL08_20181129100805_09430114_004_01.h5
1900573,1900577,48.799251556396484,-19.206445693969727,288.65976,1.5701188,7.9724426,1.7831833,943,gt1l,processed_ATL08_20181129100805_09430114_004_01.h5
1900578,1900582,48.799163818359375,-19.20554542541504,287.89447,,9.171143,,943,gt1l,processed_ATL08_20181129100805_09430114_004_01.h5
1900583,1900587,48.799068450927734,-19.204647064208984,279.81015,7.732288,9.301849,6.6678834,943,gt1l,processed_ATL08_20181129100805_09430114_004_01.h5
1900588,1900592,48.798973083496094,-19.203746795654297,265.22238,5.842431,16.734894,4.968394,943,gt1l,processed_ATL08_20181129100805_09430114_004_01.h5
1900593,1900597,48.798885345458984,-19.20284652709961,265.55576,0.528605,5.0596313,0.75272596,943,gt1l,processed_ATL08_20181129100805_09430114_004_01.h5
1900598,1900602,48.79879379272461,-19.201946258544922,265.13,4.0178165,14.234558,4.7325063,943,gt1l,processed_ATL08_20181129100805_09430114_004_01.h5
1900603,1900607,48.79869842529297,-19.201045989990234,259.28418,,16.680573,,943,gt1l,processed_ATL08_20181129100805_09430114_004_01.h5
1900608,1900612,48.798606872558594,-19.200145721435547,257.7565,6.448424,7.9005127,2.231761,943,gt1l,processed_ATL08_20181129100805_09430114_004_01.h5
1900613,1900617,48.79851531982422,-19.19924545288086,262.20963,12.447746,7.8766174,13.878194,943,gt1l,processed_ATL08_20181129100805_09430114_004_01.h5
1900618,1900622,48.79841995239258,-19.198345184326172,268.94583,,12.346313,,943,gt1l,processed_ATL08_20181129100805_09430114_004_01.h5
1900623,1900627,48.79832458496094,-19.197444915771484,270.90213,,11.733765,,943,gt1l,processed_ATL08_20181129100805_09430114_004_01.h5
1900628,1900632,48.79823684692383,-19.196544647216797,268.2764,,9.055206,,943,gt1l,processed_ATL08_20181129100805_09430114_004_01.h5
1900633,1900637,48.79814529418945,-19.19564437866211,257.94046,43.6351,10.858154,17.824804,943,gt1l,processed_ATL08_20181129100805_09430114_004_01.h5
1900638,1900642,48.79804992675781,-19.194746017456055,250.59825,,12.211121,,943,gt1l,processed_ATL08_20181129100805_09430114_004_01.h5
1900643,1900647,48.79795455932617,-19.193845748901367,248.7832,4.6023374,20.687683,3.9151163,943,gt1l,processed_ATL08_20181129100805_09430114_004_01.h5
1900648,1900652,48.79785919189453,-19.19294548034668,263.8782,,18.137512,,943,gt1l,processed_ATL08_20181129100805_09430114_004_01.h5
1900653,1900657,48.79777145385742,-19.192045211791992,270.62878,33.796642,16.198029,44.24699,943,gt1l,processed_ATL08_20181129100805_09430114_004_01.h5
1900658,1900662,48.79767608642578,-19.191144943237305,273.95795,,30.086243,,943,gt1l,processed_ATL08_20181129100805_09430114_004_01.h5
1900663,1900667,48.797576904296875,-19.190244674682617,273.03802,,26.4357,,943,gt1l,processed_ATL08_20181129100805_09430114_004_01.h5
1900668,1900672,48.797481536865234,-19.189346313476562,265.15576,7.1804256,17.989166,7.8763056,943,gt1l,processed_ATL08_20181129100805_09430114_004_01.h5
1900673,1900677,48.79738998413086,-19.188446044921875,268.25482,6.198322,9.96051,2.6476564,943,gt1l,processed_ATL08_20181129100805_09430114_004_01.h5
1900678,1900682,48.79729461669922,-19.187545776367188,281.48688,,14.165161,,943,gt1l,processed_ATL08_20181129100805_09430114_004_01.h5
1900683,1900687,48.79719924926758,-19.1866455078125,291.5848,,14.283661,,943,gt1l,processed_ATL08_20181129100805_09430114_004_01.h5
1900688,1900692,48.7971076965332,-19.185745239257812,299.78766,59.75706,17.27951,20.60558,943,gt1l,processed_ATL08_20181129100805_09430114_004_01.h5
1900693,1900697,48.79701232910156,-19.184844970703125,312.03452,62.033714,20.723755,41.214626,943,gt1l,processed_ATL08_20181129100805_09430114_004_01.h5
1900698,1900702,48.79691696166992,-19.18394660949707,325.65607,,26.809814,,943,gt1l,processed_ATL08_20181129100805_09430114_004_01.h5
1900703,1900707,48.79682159423828,-19.183046340942383,317.60367,,33.6651,,943,gt1l,processed_ATL08_20181129100805_09430114_004_01.h5
1900708,1900712,48.796722412109375,-19.182146072387695,315.63855,,,,943,gt1l,processed_ATL08_20181129100805_09430114_004_01.h5
1900713,1900717,48.796627044677734,-19.18124771118164,312.3758,,16.134155,,943,gt1l,processed_ATL08_20181129100805_09430114_004_01.h5
1900718,1900722,48.796531677246094,-19.180347442626953,309.4416,,21.842072,,943,gt1l,processed_ATL08_20181129100805_09430114_004_01.h5
1900723,1900727,48.79643249511719,-19.179447174072266,312.65973,1.8408501,16.04889,2.5467613,943,gt1l,processed_ATL08_20181129100805_09430114_004_01.h5
1900728,1900732,48.79633712768555,-19.178546905517578,312.34695,5.801473,11.732452,6.7107434,943,gt1l,processed_ATL08_20181129100805_09430114_004_01.h5
1900733,1900737,48.796241760253906,-19.177648544311523,314.52374,20.9145,14.532349,13.708863,943,gt1l,processed_ATL08_20181129100805_09430114_004_01.h5
1900738,1900742,48.796142578125,-19.176748275756836,322.77048,45.931812,12.677368,11.867085,943,gt1l,processed_ATL08_20181129100805_09430114_004_01.h5
1900743,1900747,48.79604721069336,-19.17584800720215,323.46408,53.83222,13.308228,14.043152,943,gt1l,processed_ATL08_20181129100805_09430114_004_01.h5
1900748,1900752,48.79595184326172,-19.174949645996094,318.94205,,13.517242,,943,gt1l,processed_ATL08_20181129100805_09430114_004_01.h5
1900753,1900757,48.79585266113281,-19.174049377441406,312.80603,10.085807,,,943,gt1l,processed_ATL08_20181129100805_09430114_004_01.h5
1900758,1900762,48.795753479003906,-19.17314910888672,310.73038,,19.688446,,943,gt1l,processed_ATL08_20181129100805_09430114_004_01.h5
1900763,1900767,48.79566192626953,-19.17224884033203,307.57797,,19.56305,,943,gt1l,processed_ATL08_20181129100805_09430114_004_01.h5
1900768,1900772,48.79556655883789,-19.171350479125977,304.2562,,15.143707,,943,gt1l,processed_ATL08_20181129100805_09430114_004_01.h5
1900773,1900777,48.79545974731445,-19.17045021057129,303.14053,4.042699,10.937134,4.8948083,943,gt1l,processed_ATL08_20181129100805_09430114_004_01.h5
1900778,1900782,48.79536056518555,-19.169551849365234,304.8019,30.499487,16.965546,15.214881,943,gt1l,processed_ATL08_20181129100805_09430114_004_01.h5
1900783,1900787,48.795265197753906,-19.168651580810547,326.71967,,11.180664,,943,gt1l,processed_ATL08_20181129100805_09430114_004_01.h5
1900788,1900792,48.795166015625,-19.167753219604492,337.76987,,9.680084,,943,gt1l,processed_ATL08_20181129100805_09430114_004_01.h5
1900793,1900797,48.795066833496094,-19.166852951049805,345.51382,12.773502,8.64566,13.343039,943,gt1l,processed_ATL08_20181129100805_09430114_004_01.h5
1900798,1900802,48.79496765136719,-19.165952682495117,349.4098,58.18253,12.321869,21.776144,943,gt1l,processed_ATL08_20181129100805_09430114_004_01.h5
1900803,1900807,48.79487228393555,-19.165054321289062,359.23495,,8.422699,,943,gt1l,processed_ATL08_20181129100805_09430114_004_01.h5
1900808,1900812,48.79477310180664,-19.164154052734375,359.81152,,8.138153,,943,gt1l,processed_ATL08_20181129100805_09430114_004_01.h5
1900813,1900817,48.794673919677734,-19.163253784179688,355.12448,29.47693,8.280823,13.302472,943,gt1l,processed_ATL08_20181129100805_09430114_004_01.h5
1900818,1900822,48.79457473754883,-19.162355422973633,342.79755,28.28704,13.8628235,12.880532,943,gt1l,processed_ATL08_20181129100805_09430114_004_01.h5
1900823,1900827,48.79447555541992,-19.161455154418945,320.12714,,17.673645,,943,gt1l,processed_ATL08_20181129100805_09430114_004_01.h5
1900828,1900832,48.794376373291016,-19.16055679321289,294.88776,,22.462738,,943,gt1l,processed_ATL08_20181129100805_09430114_004_01.h5
1900833,1900837,48.79427719116211,-19.159656524658203,270.0372,,20.341309,,943,gt1l,processed_ATL08_20181129100805_09430114_004_01.h5
1900838,1900842,48.7941780090332,-19.158756256103516,258.48425,,18.32547,,943,gt1l,processed_ATL08_20181129100805_09430114_004_01.h5
1900843,1900847,48.7940788269043,-19.15785789489746,244.09843,,21.181198,,943,gt1l,processed_ATL08_20181129100805_09430114_004_01.h5
1900848,1900852,48.793975830078125,-19.156957626342773,239.86798,,28.460861,,943,gt1l,processed_ATL08_20181129100805_09430114_004_01.h5
1900853,1900857,48.79387664794922,-19.15605926513672,235.41092,,29.697174,,943,gt1l,processed_ATL08_20181129100805_09430114_004_01.h5
1900858,1900862,48.79377746582031,-19.15515899658203,232.62338,10.573671,9.269196,14.603394,943,gt1l,processed_ATL08_20181129100805_09430114_004_01.h5
1900863,1900867,48.793678283691406,-19.154260635375977,233.0284,,17.216248,,943,gt1l,processed_ATL08_20181129100805_09430114_004_01.h5
1900868,1900872,48.793575286865234,-19.15336036682129,236.3321,,27.467056,,943,gt1l,processed_ATL08_20181129100805_09430114_004_01.h5
1900873,1900877,48.79347610473633,-19.152462005615234,242.60602,,25.781845,,943,gt1l,processed_ATL08_20181129100805_09430114_004_01.h5
1900878,1900882,48.79338073730469,-19.151561737060547,243.41675,40.624405,25.761887,15.640032,943,gt1l,processed_ATL08_20181129100805_09430114_004_01.h5
1900883,1900887,48.79328155517578,-19.15066146850586,249.36632,,16.462341,,943,gt1l,processed_ATL08_20181129100805_09430114_004_01.h5
1900888,1900892,48.79317855834961,-19.149763107299805,244.47482,,29.612213,,943,gt1l,processed_ATL08_20181129100805_09430114_004_01.h5
1900893,1900897,48.7930793762207,-19.148862838745117,223.07504,3.3129432,33.042038,4.55879,943,gt1l,processed_ATL08_20181129100805_09430114_004_01.h5
1900898,1900902,48.7929801940918,-19.147964477539062,231.64073,,27.49646,,943,gt1l,processed_ATL08_20181129100805_09430114_004_01.h5
1900903,1900907,48.79288101196289,-19.147064208984375,255.43344,,25.787796,,943,gt1l,processed_ATL08_20181129100805_09430114_004_01.h5
1900908,1900912,48.792781829833984,-19.14616584777832,246.99115,,32.937805,,943,gt1l,processed_ATL08_20181129100805_09430114_004_01.h5
1900913,1900917,48.79267883300781,-19.145265579223633,238.10046,47.274906,32.311356,39.7529,943,gt1l,processed_ATL08_20181129100805_09430114_004_01.h5
1900918,1900922,48.792579650878906,-19.144367218017578,216.49738,2.4905446,13.664352,3.5643058,943,gt1l,processed_ATL08_20181129100805_09430114_004_01.h5
1900923,1900927,48.79248046875,-19.14346694946289,216.49432,18.071985,26.312607,7.683903,943,gt1l,processed_ATL08_20181129100805_09430114_004_01.h5
1900928,1900932,48.79237747192383,-19.142568588256836,221.21803,0.57341903,,,943,gt1l,processed_ATL08_20181129100805_09430114_004_01.h5
1900933,1900937,48.79227828979492,-19.14166831970215,223.30383,0.4485749,,,943,gt1l,processed_ATL08_20181129100805_09430114_004_01.h5
1900938,1900942,48.792179107666016,-19.14076805114746,224.67589,0.7557204,23.57605,1.1173362,943,gt1l,processed_ATL08_20181129100805_09430114_004_01.h5
1900943,1900947,48.79207992553711,-19.139869689941406,230.81137,10.513558,26.495438,5.1904407,943,gt1l,processed_ATL08_20181129100805_09430114_004_01.h5
1900948,1900952,48.7919807434082,-19.13896942138672,231.68896,0.6177215,7.593033,0.87663054,943,gt1l,processed_ATL08_20181129100805_09430114_004_01.h5
1900953,1900957,48.7918815612793,-19.138071060180664,233.87253,3.0132236,23.891617,3.7860003,943,gt1l,processed_ATL08_20181129100805_09430114_004_01.h5
1900958,1900962,48.79177474975586,-19.13717269897461,231.89923,8.328027,26.06691,6.8857703,943,gt1l,processed_ATL08_20181129100805_09430114_004_01.h5
1900963,1900967,48.79167556762695,-19.136272430419922,233.3906,0.772842,7.8060303,0.99757004,943,gt1l,processed_ATL08_20181129100805_09430114_004_01.h5
1900968,1900972,48.79157638549805,-19.135372161865234,235.93777,0.7730257,10.544235,1.096541,943,gt1l,processed_ATL08_20181129100805_09430114_004_01.h5
1900973,1900977,48.791473388671875,-19.13447380065918,236.51099,,27.164444,,943,gt1l,processed_ATL08_20181129100805_09430114_004_01.h5
1900978,1900981,48.7913703918457,-19.133575439453125,240.64476,1.54218,21.803848,2.2242758,943,gt1l,processed_ATL08_20181129100805_09430114_004_01.h5
1900988,1900992,48.791175842285156,-19.13177490234375,246.65535,,30.5428,,943,gt1l,processed_ATL08_20181129100805_09430114_004_01.h5
1900993,1900997,48.791072845458984,-19.130876541137695,241.6129,1.6775894,16.407593,2.4113712,943,gt1l,processed_ATL08_20181129100805_09430114_004_01.h5
1900998,1901002,48.79097366333008,-19.129976272583008,244.656,,21.267532,,943,gt1l,processed_ATL08_20181129100805_09430114_004_01.h5
1901003,1901007,48.79087448120117,-19.129077911376953,250.31604,1.951787,11.057861,2.684187,943,gt1l,processed_ATL08_20181129100805_09430114_004_01.h5
1901014,1901017,48.790672302246094,-19.127277374267578,269.0534,1.4011356,13.790222,1.9755604,943,gt1l,processed_ATL08_20181129100805_09430114_004_01.h5
1901018,1901022,48.79057312011719,-19.126379013061523,269.40518,1.1265908,29.890259,1.5781739,943,gt1l,processed_ATL08_20181129100805_09430114_004_01.h5
1901054,1901057,48.789852142333984,-19.119903564453125,272.03827,7.9650717,,,943,gt1l,processed_ATL08_20181129100805_09430114_004_01.h5
1901063,1901067,48.789676666259766,-19.118284225463867,271.52423,33.889107,23.443604,23.383484,943,gt1l,processed_ATL08_20181129100805_09430114_004_01.h5
1901068,1901072,48.78957748413086,-19.11738395690918,269.6049,66.84054,16.458588,16.196161,943,gt1l,processed_ATL08_20181129100805_09430114_004_01.h5
1901073,1901077,48.78948211669922,-19.116485595703125,269.50754,11.194279,17.895844,4.3120794,943,gt1l,processed_ATL08_20181129100805_09430114_004_01.h5
1901078,1901082,48.78937911987305,-19.115585327148438,285.77066,,24.97644,,943,gt1l,processed_ATL08_20181129100805_09430114_004_01.h5
1901083,1901087,48.789276123046875,-19.114686965942383,285.4583,,49.237946,,943,gt1l,processed_ATL08_20181129100805_09430114_004_01.h5
1901088,1901092,48.789180755615234,-19.113786697387695,279.87433,,47.368896,,943,gt1l,processed_ATL08_20181129100805_09430114_004_01.h5
1901093,1901097,48.78908157348633,-19.112886428833008,276.05234,46.14568,,,943,gt1l,processed_ATL08_20181129100805_09430114_004_01.h5
1901098,1901102,48.78898620605469,-19.111988067626953,288.5083,,57.28766,,943,gt1l,processed_ATL08_20181129100805_09430114_004_01.h5
1901103,1901107,48.78888702392578,-19.111087799072266,291.08206,36.39856,34.161224,36.424004,943,gt1l,processed_ATL08_20181129100805_09430114_004_01.h5
1901108,1901112,48.788787841796875,-19.11018943786621,290.69714,,36.100006,,943,gt1l,processed_ATL08_20181129100805_09430114_004_01.h5
1901118,1901122,48.78858947753906,-19.108388900756836,278.12286,,83.36862,,943,gt1l,processed_ATL08_20181129100805_09430114_004_01.h5
1901123,1901127,48.78849411010742,-19.10749053955078,259.62488,1.307676,,,943,gt1l,processed_ATL08_20181129100805_09430114_004_01.h5
1901128,1901132,48.788394927978516,-19.106590270996094,257.9906,1.5914994,,,943,gt1l,processed_ATL08_20181129100805_09430114_004_01.h5
1901138,1901142,48.7881965637207,-19.10479164123535,274.04474,33.858814,50.864136,20.901485,943,gt1l,processed_ATL08_20181129100805_09430114_004_01.h5
1901143,1901147,48.7880973815918,-19.103891372680664,273.46802,33.721443,20.392883,33.329834,943,gt1l,processed_ATL08_20181129100805_09430114_004_01.h5
1901148,1901152,48.78800582885742,-19.102991104125977,291.02625,57.438362,73.66263,24.035799,943,gt1l,processed_ATL08_20181129100805_09430114_004_01.h5
1901153,1901157,48.78791046142578,-19.10209083557129,307.69354,,35.430084,,943,gt1l,processed_ATL08_20181129100805_09430114_004_01.h5
1901158,1901162,48.78780746459961,-19.101192474365234,313.46735,,55.4386,,943,gt1l,processed_ATL08_20181129100805_09430114_004_01.h5
1901163,1901167,48.787715911865234,-19.100292205810547,326.4587,,20.678833,,943,gt1l,processed_ATL08_20181129100805_09430114_004_01.h5
1901168,1901172,48.787620544433594,-19.09939193725586,330.68436,,80.14844,,943,gt1l,processed_ATL08_20181129100805_09430114_004_01.h5
1901173,1901177,48.78752517700195,-19.098493576049805,325.1071,3.917293,31.284851,5.5223503,943,gt1l,processed_ATL08_20181129100805_09430114_004_01.h5
1901178,1901182,48.78742599487305,-19.097593307495117,324.43713,,92.794464,,943,gt1l,processed_ATL08_20181129100805_09430114_004_01.h5
1901183,1901187,48.787330627441406,-19.09669303894043,334.1443,10.444427,,,943,gt1l,processed_ATL08_20181129100805_09430114_004_01.h5
1901188,1901192,48.787235260009766,-19.095792770385742,335.1191,56.28951,52.117554,33.93881,943,gt1l,processed_ATL08_20181129100805_09430114_004_01.h5
1901193,1901197,48.787139892578125,-19.094892501831055,340.7313,,35.648956,,943,gt1l,processed_ATL08_20181129100805_09430114_004_01.h5
1901198,1901202,48.78704833984375,-19.093994140625,341.423,,39.23123,,943,gt1l,processed_ATL08_20181129100805_09430114_004_01.h5
1901203,1901207,48.786949157714844,-19.093093872070312,334.1646,,35.82016,,943,gt1l,processed_ATL08_20181129100805_09430114_004_01.h5
1901208,1901212,48.7868537902832,-19.092193603515625,335.97382,,40.473236,,943,gt1l,processed_ATL08_20181129100805_09430114_004_01.h5
1901213,1901217,48.78675842285156,-19.091293334960938,343.5322,,28.223877,,943,gt1l,processed_ATL08_20181129100805_09430114_004_01.h5
1901218,1901222,48.78666687011719,-19.090394973754883,329.7759,,36.388123,,943,gt1l,processed_ATL08_20181129100805_09430114_004_01.h5
1901223,1901226,48.78656768798828,-19.089494705200195,310.33563,31.67363,23.14441,28.61499,943,gt1l,processed_ATL08_20181129100805_09430114_004_01.h5
1901228,1901232,48.786468505859375,-19.088594436645508,310.14847,2.794888,18.784576,3.8715024,943,gt1l,processed_ATL08_20181129100805_09430114_004_01.h5
1901233,1901237,48.786376953125,-19.08769416809082,315.50146,17.465334,28.015778,21.017551,943,gt1l,processed_ATL08_20181129100805_09430114_004_01.h5
1901238,1901242,48.786285400390625,-19.086793899536133,326.4952,4.5997996,27.947235,5.8311157,943,gt1l,processed_ATL08_20181129100805_09430114_004_01.h5
1901243,1901247,48.786190032958984,-19.085895538330078,326.85165,1.9899355,25.053589,2.79211,943,gt1l,processed_ATL08_20181129100805_09430114_004_01.h5
1901253,1901257,48.78600311279297,-19.084095001220703,345.69418,,23.605743,,943,gt1l,processed_ATL08_20181129100805_09430114_004_01.h5
1901258,1901262,48.785911560058594,-19.083194732666016,349.78827,,36.813812,,943,gt1l,processed_ATL08_20181129100805_09430114_004_01.h5
1901263,1901267,48.78581619262695,-19.082294464111328,346.06046,43.172295,40.712097,43.20958,943,gt1l,processed_ATL08_20181129100805_09430114_004_01.h5
1901278,1901281,48.7855339050293,-19.0795955657959,287.57877,5.2164946,23.502472,7.1998305,943,gt1l,processed_ATL08_20181129100805_09430114_004_01.h5
1901283,1901287,48.78544235229492,-19.07869529724121,281.89673,,51.285004,,943,gt1l,processed_ATL08_20181129100805_09430114_004_01.h5
1901288,1901292,48.78535079956055,-19.077795028686523,284.11774,40.57522,56.94644,31.515064,943,gt1l,processed_ATL08_20181129100805_09430114_004_01.h5
1901293,1901297,48.785255432128906,-19.076894760131836,276.3152,,,,943,gt1l,processed_ATL08_20181129100805_09430114_004_01.h5
1901298,1901302,48.7851676940918,-19.07599449157715,261.0079,1.8245007,41.58603,2.6125734,943,gt1l,processed_ATL08_20181129100805_09430114_004_01.h5
1901303,1901307,48.78507614135742,-19.07509422302246,260.57367,3.0709832,18.719543,4.2131176,943,gt1l,processed_ATL08_20181129100805_09430114_004_01.h5
1901318,1901322,48.784793853759766,-19.0723934173584,246.91278,5.267424,44.705902,6.865384,943,gt1l,processed_ATL08_20181129100805_09430114_004_01.h5
1901323,1901327,48.784706115722656,-19.07149314880371,245.41052,2.2569797,13.412949,3.1208122,943,gt1l,processed_ATL08_20181129100805_09430114_004_01.h5
1901328,1901332,48.78461456298828,-19.070592880249023,244.48195,0.8943621,,,943,gt1l,processed_ATL08_20181129100805_09430114_004_01.h5
1901333,1901337,48.78451919555664,-19.069692611694336,261.88855,3.8107538,75.90517,5.9373436,943,gt1l,processed_ATL08_20181129100805_09430114_004_01.h5
1901338,1901342,48.784427642822266,-19.06879234313965,287.34958,,85.6586,,943,gt1l,processed_ATL08_20181129100805_09430114_004_01.h5
1901458,1901462,48.782283782958984,-19.047182083129883,287.55545,,48.04773,,943,gt1l,processed_ATL08_20181129100805_09430114_004_01.h5
1901473,1901477,48.78201675415039,-19.04448127746582,250.70793,24.257847,,,943,gt1l,processed_ATL08_20181129100805_09430114_004_01.h5
1901484,1901487,48.78182601928711,-19.042499542236328,262.29266,33.00433,13.22084,16.435858,943,gt1l,processed_ATL08_20181129100805_09430114_004_01.h5
1901488,1901492,48.78175735473633,-19.041780471801758,273.2305,,28.837463,,943,gt1l,processed_ATL08_20181129100805_09430114_004_01.h5
1901493,1901497,48.78166580200195,-19.040878295898438,261.55936,,22.61148,,943,gt1l,processed_ATL08_20181129100805_09430114_004_01.h5
1901498,1901502,48.781578063964844,-19.03997802734375,238.79697,18.530075,24.107483,20.955996,943,gt1l,processed_ATL08_20181129100805_09430114_004_01.h5
1901503,1901506,48.781490325927734,-19.039077758789062,250.57768,,30.286331,,943,gt1l,processed_ATL08_20181129100805_09430114_004_01.h5
1901513,1901517,48.78131866455078,-19.037277221679688,275.51596,,38.420105,,943,gt1l,processed_ATL08_20181129100805_09430114_004_01.h5
1901518,1901522,48.78123474121094,-19.036375045776367,261.50812,,32.029144,,943,gt1l,processed_ATL08_20181129100805_09430114_004_01.h5
1901523,1901527,48.78114318847656,-19.03547477722168,234.22137,39.08607,34.332565,27.204487,943,gt1l,processed_ATL08_20181129100805_09430114_004_01.h5
1901528,1901532,48.78105545043945,-19.034574508666992,216.04886,35.73773,45.1501,19.57327,943,gt1l,processed_ATL08_20181129100805_09430114_004_01.h5
1901538,1901542,48.7808837890625,-19.032773971557617,217.8386,15.2644205,32.157837,9.597441,943,gt1l,processed_ATL08_20181129100805_09430114_004_01.h5
1901543,1901547,48.78079605102539,-19.03187370300293,236.21318,39.05244,17.222122,12.106848,943,gt1l,processed_ATL08_20181129100805_09430114_004_01.h5
1901548,1901552,48.78070831298828,-19.03097152709961,228.85991,,17.286606,,943,gt1l,processed_ATL08_20181129100805_09430114_004_01.h5
1901559,1901562,48.78053283691406,-19.029170989990234,208.23232,,24.880798,,943,gt1l,processed_ATL08_20181129100805_09430114_004_01.h5
1901563,1901567,48.78044509887695,-19.028270721435547,193.89342,2.8384871,16.803833,2.9747775,943,gt1l,processed_ATL08_20181129100805_09430114_004_01.h5
1901568,1901572,48.780357360839844,-19.02737045288086,176.04715,2.437096,12.786362,2.6458445,943,gt1l,processed_ATL08_20181129100805_09430114_004_01.h5
1901573,1901577,48.780269622802734,-19.026470184326172,177.87091,6.7759824,12.376724,3.533999,943,gt1l,processed_ATL08_20181129100805_09430114_004_01.h5
1901578,1901582,48.780181884765625,-19.02556800842285,193.69366,,16.653397,,943,gt1l,processed_ATL08_20181129100805_09430114_004_01.h5
1901583,1901587,48.78009796142578,-19.024667739868164,193.4904,,24.590195,,943,gt1l,processed_ATL08_20181129100805_09430114_004_01.h5
1901598,1901602,48.77983474731445,-19.0219669342041,212.72234,,22.679245,,943,gt1l,processed_ATL08_20181129100805_09430114_004_01.h5
1901603,1901607,48.77975082397461,-19.02106475830078,205.24661,40.63674,15.8294525,14.833738,943,gt1l,processed_ATL08_20181129100805_09430114_004_01.h5
1901613,1901617,48.77956771850586,-19.019264221191406,170.10556,6.8648252,33.78482,7.4997168,943,gt1l,processed_ATL08_20181129100805_09430114_004_01.h5
1901618,1901622,48.779483795166016,-19.01836395263672,164.1385,1.0710664,36.794586,1.5838625,943,gt1l,processed_ATL08_20181129100805_09430114_004_01.h5
1901623,1901627,48.779396057128906,-19.01746368408203,164.91261,0.4861528,,,943,gt1l,processed_ATL08_20181129100805_09430114_004_01.h5
1901643,1901647,48.77904510498047,-19.01386070251465,204.9058,,41.326523,,943,gt1l,processed_ATL08_20181129100805_09430114_004_01.h5
1901648,1901652,48.77895736694336,-19.01296043395996,218.76637,,46.591904,,943,gt1l,processed_ATL08_20181129100805_09430114_004_01.h5
1901658,1901662,48.778785705566406,-19.011157989501953,227.26405,,40.825607,,943,gt1l,processed_ATL08_20181129100805_09430114_004_01.h5
1901663,1901667,48.778690338134766,-19.0102596282959,204.56044,2.6884036,30.985092,3.7711575,943,gt1l,processed_ATL08_20181129100805_09430114_004_01.h5
1901668,1901672,48.77860641479492,-19.009357452392578,206.45634,1.1105043,18.541351,1.6463251,943,gt1l,processed_ATL08_20181129100805_09430114_004_01.h5
1901673,1901677,48.77851867675781,-19.00845718383789,229.41635,,17.33702,,943,gt1l,processed_ATL08_20181129100805_09430114_004_01.h5
1901679,1901682,48.7784309387207,-19.007556915283203,207.04068,17.05648,17.262817,16.84618,943,gt1l,processed_ATL08_20181129100805_09430114_004_01.h5
1901683,1901687,48.778343200683594,-19.006656646728516,182.49846,,23.30272,,943,gt1l,processed_ATL08_20181129100805_09430114_004_01.h5
1901688,1901692,48.77825164794922,-19.005756378173828,175.48296,9.26075,12.452744,7.7487717,943,gt1l,processed_ATL08_20181129100805_09430114_004_01.h5
1901693,1901697,48.77816390991211,-19.00485610961914,182.4107,3.102458,41.526123,3.9906428,943,gt1l,processed_ATL08_20181129100805_09430114_004_01.h5
1901698,1901702,48.778076171875,-19.003955841064453,182.33557,,46.215546,,943,gt1l,processed_ATL08_20181129100805_09430114_004_01.h5
1901709,1901712,48.77789306640625,-19.002153396606445,167.53532,0.90904915,10.658142,1.3216546,943,gt1l,processed_ATL08_20181129100805_09430114_004_01.h5
1901713,1901717,48.77780532836914,-19.001253128051758,166.94856,2.424652,29.819168,2.5634568,943,gt1l,processed_ATL08_20181129100805_09430114_004_01.h5
1901718,1901722,48.777713775634766,-19.00035285949707,167.50398,1.9941813,14.320877,2.154893,943,gt1l,processed_ATL08_20181129100805_09430114_004_01.h5
1901723,1901727,48.777626037597656,-18.999452590942383,169.95895,23.997746,19.754578,12.554691,943,gt1l,processed_ATL08_20181129100805_09430114_004_01.h5
1901728,1901732,48.77753448486328,-18.998552322387695,175.1703,,21.537567,,943,gt1l,processed_ATL08_20181129100805_09430114_004_01.h5
1901743,1901747,48.77726364135742,-18.995851516723633,193.24779,3.942971,13.341019,5.1334343,943,gt1l,processed_ATL08_20181129100805_09430114_004_01.h5
1901748,1901752,48.77717208862305,-18.994951248168945,187.70978,8.528611,11.651489,10.133021,943,gt1l,processed_ATL08_20181129100805_09430114_004_01.h5
1901753,1901757,48.77708435058594,-18.994050979614258,181.92627,36.524567,16.057755,15.747463,943,gt1l,processed_ATL08_20181129100805_09430114_004_01.h5
1901827,1901827,48.7757568359375,-18.981000900268555,175.05844,4.1749306,,,943,gt1l,processed_ATL08_20181129100805_09430114_004_01.h5
1901828,1901832,48.77570724487305,-18.980548858642578,175.20436,1.6995015,12.168716,2.1611478,943,gt1l,processed_ATL08_20181129100805_09430114_004_01.h5
1901833,1901837,48.775611877441406,-18.97964859008789,177.65887,3.2906125,9.829773,4.3674364,943,gt1l,processed_ATL08_20181129100805_09430114_004_01.h5
1901843,1901847,48.775428771972656,-18.977848052978516,189.3747,37.850452,10.018784,24.93216,943,gt1l,processed_ATL08_20181129100805_09430114_004_01.h5
1901848,1901852,48.775333404541016,-18.976947784423828,181.04282,0.60685205,14.474136,0.86932915,943,gt1l,processed_ATL08_20181129100805_09430114_004_01.h5
1901853,1901857,48.77524185180664,-18.97604751586914,181.26923,0.50891376,5.579788,0.7278203,943,gt1l,processed_ATL08_20181129100805_09430114_004_01.h5
1901858,1901862,48.775146484375,-18.975147247314453,199.18459,,23.707169,,943,gt1l,processed_ATL08_20181129100805_09430114_004_01.h5
1901863,1901867,48.775054931640625,-18.974246978759766,224.23225,44.644157,15.215393,8.484115,943,gt1l,processed_ATL08_20181129100805_09430114_004_01.h5
1901868,1901872,48.774959564208984,-18.97334861755371,232.86517,,7.4572906,,943,gt1l,processed_ATL08_20181129100805_09430114_004_01.h5
1901873,1901877,48.77486801147461,-18.972448348999023,224.63715,,8.65358,,943,gt1l,processed_ATL08_20181129100805_09430114_004_01.h5
1901878,1901882,48.77477264404297,-18.971548080444336,205.20082,11.353649,13.990433,10.632492,943,gt1l,processed_ATL08_20181129100805_09430114_004_01.h5
1901883,1901887,48.77467727661133,-18.97064781188965,195.01828,2.45008,11.482056,3.363083,943,gt1l,processed_ATL08_20181129100805_09430114_004_01.h5
1901888,1901892,48.77457809448242,-18.96974754333496,193.7327,9.683069,9.914459,9.334469,943,gt1l,processed_ATL08_20181129100805_09430114_004_01.h5
1901893,1901897,48.77448654174805,-18.968847274780273,190.87975,1.7491589,7.746399,2.244726,943,gt1l,processed_ATL08_20181129100805_09430114_004_01.h5
1901898,1901902,48.77439498901367,-18.96794891357422,190.32146,0.467332,,,943,gt1l,processed_ATL08_20181129100805_09430114_004_01.h5
1901903,1901907,48.77429962158203,-18.96704864501953,195.35611,3.9780047,25.078217,4.320165,943,gt1l,processed_ATL08_20181129100805_09430114_004_01.h5
1901908,1901912,48.77420425415039,-18.966148376464844,200.4288,,21.236267,,943,gt1l,processed_ATL08_20181129100805_09430114_004_01.h5
1901913,1901917,48.774105072021484,-18.965248107910156,201.99846,,20.186325,,943,gt1l,processed_ATL08_20181129100805_09430114_004_01.h5
1901918,1901922,48.774009704589844,-18.9643497467041,209.43733,,26.852112,,943,gt1l,processed_ATL08_20181129100805_09430114_004_01.h5
1901923,1901927,48.7739143371582,-18.963449478149414,210.34811,,24.26622,,943,gt1l,processed_ATL08_20181129100805_09430114_004_01.h5
1901928,1901932,48.77381896972656,-18.962549209594727,208.40733,,28.233078,,943,gt1l,processed_ATL08_20181129100805_09430114_004_01.h5
1901933,1901937,48.773719787597656,-18.96164894104004,212.12405,30.09458,24.44542,21.028337,943,gt1l,processed_ATL08_20181129100805_09430114_004_01.h5
1901938,1901942,48.773624420166016,-18.960750579833984,221.34749,,24.548782,,943,gt1l,processed_ATL08_20181129100805_09430114_004_01.h5
1901943,1901947,48.773529052734375,-18.959850311279297,222.81235,,21.71457,,943,gt1l,processed_ATL08_20181129100805_09430114_004_01.h5
1901948,1901952,48.77342987060547,-18.95895004272461,209.75963,,26.768723,,943,gt1l,processed_ATL08_20181129100805_09430114_004_01.h5
1901953,1901957,48.77333068847656,-18.958051681518555,197.72476,4.9395843,23.55043,5.790035,943,gt1l,processed_ATL08_20181129100805_09430114_004_01.h5
1901958,1901962,48.773231506347656,-18.957151412963867,191.68472,47.206806,24.905838,16.819107,943,gt1l,processed_ATL08_20181129100805_09430114_004_01.h5
1901963,1901967,48.773136138916016,-18.95625114440918,174.16833,,22.362503,,943,gt1l,processed_ATL08_20181129100805_09430114_004_01.h5
1901968,1901972,48.773040771484375,-18.955350875854492,170.77864,7.9580507,33.099197,10.497858,943,gt1l,processed_ATL08_20181129100805_09430114_004_01.h5
1901973,1901977,48.7729377746582,-18.954452514648438,177.7545,,48.388184,,943,gt1l,processed_ATL08_20181129100805_09430114_004_01.h5
1901978,1901982,48.77284240722656,-18.95355224609375,204.39592,41.070385,17.295273,15.785137,943,gt1l,processed_ATL08_20181129100805_09430114_004_01.h5
1901983,1901987,48.77274703979492,-18.952651977539062,175.36356,18.454699,25.619125,14.206736,943,gt1l,processed_ATL08_20181129100805_09430114_004_01.h5
1901988,1901992,48.772647857666016,-18.951753616333008,166.05515,22.531393,29.870941,13.781559,943,gt1l,processed_ATL08_20181129100805_09430114_004_01.h5
1901993,1901997,48.77254867553711,-18.95085334777832,165.14813,6.743439,21.884293,7.5225005,943,gt1l,processed_ATL08_20181129100805_09430114_004_01.h5
1901998,1902002,48.7724494934082,-18.949954986572266,199.42894,,16.358093,,943,gt1l,processed_ATL08_20181129100805_09430114_004_01.h5
1902003,1902007,48.77235412597656,-18.949054718017578,198.4902,32.97666,13.234756,24.113066,943,gt1l,processed_ATL08_20181129100805_09430114_004_01.h5
1902008,1902012,48.772254943847656,-18.94815444946289,185.918,,19.76857,,943,gt1l,processed_ATL08_20181129100805_09430114_004_01.h5
1902013,1902017,48.77215576171875,-18.947256088256836,170.51149,,18.820984,,943,gt1l,processed_ATL08_20181129100805_09430114_004_01.h5
1902018,1902022,48.772056579589844,-18.94635581970215,152.01216,2.0649354,19.173904,2.7823777,943,gt1l,processed_ATL08_20181129100805_09430114_004_01.h5
1902023,1902027,48.77195739746094,-18.94545555114746,178.94653,34.532528,23.771103,12.552415,943,gt1l,processed_ATL08_20181129100805_09430114_004_01.h5
1902028,1902032,48.77185821533203,-18.944557189941406,189.23524,18.548384,18.792145,12.606054,943,gt1l,processed_ATL08_20181129100805_09430114_004_01.h5
1902033,1902037,48.771759033203125,-18.94365692138672,191.03732,,23.677383,,943,gt1l,processed_ATL08_20181129100805_09430114_004_01.h5
1902038,1902042,48.77165603637695,-18.942758560180664,154.04784,19.554049,23.416107,12.404422,943,gt1l,processed_ATL08_20181129100805_09430114_004_01.h5
1902043,1902047,48.77155685424805,-18.941858291625977,162.18686,,19.81041,,943,gt1l,processed_ATL08_20181129100805_09430114_004_01.h5
1902048,1902052,48.77145767211914,-18.940959930419922,141.3521,27.647991,17.173828,5.2158585,943,gt1l,processed_ATL08_20181129100805_09430114_004_01.h5
1902053,1902057,48.771358489990234,-18.940059661865234,116.10461,,20.712029,,943,gt1l,processed_ATL08_20181129100805_09430114_004_01.h5
1902058,1902062,48.77125930786133,-18.939159393310547,100.236534,1.7045913,23.788803,2.0157924,943,gt1l,processed_ATL08_20181129100805_09430114_004_01.h5
1902063,1902067,48.771156311035156,-18.938261032104492,98.778854,0.6620843,10.68483,0.64404297,943,gt1l,processed_ATL08_20181129100805_09430114_004_01.h5
1902068,1902072,48.77105712890625,-18.937360763549805,118.46484,7.4459953,11.921135,5.8119736,943,gt1l,processed_ATL08_20181129100805_09430114_004_01.h5
1902073,1902077,48.77096176147461,-18.93646240234375,133.65654,12.9746475,13.323898,4.5869083,943,gt1l,processed_ATL08_20181129100805_09430114_004_01.h5
1902078,1902082,48.77085876464844,-18.935562133789062,132.44568,13.589437,10.243042,5.275851,943,gt1l,processed_ATL08_20181129100805_09430114_004_01.h5
1902083,1902087,48.770755767822266,-18.934663772583008,118.453766,12.110914,16.742615,7.5041394,943,gt1l,processed_ATL08_20181129100805_09430114_004_01.h5
1902088,1902092,48.77065658569336,-18.93376350402832,122.76544,,17.424438,,943,gt1l,processed_ATL08_20181129100805_09430114_004_01.h5
1902093,1902097,48.77055358886719,-18.932865142822266,121.797905,8.106188,13.223976,1.7382169,943,gt1l,processed_ATL08_20181129100805_09430114_004_01.h5
1902098,1902102,48.77045440673828,-18.931964874267578,118.332466,5.161833,9.197754,3.7575538,943,gt1l,processed_ATL08_20181129100805_09430114_004_01.h5
1902103,1902107,48.770355224609375,-18.931066513061523,122.765366,24.343302,13.085747,7.4909577,943,gt1l,processed_ATL08_20181129100805_09430114_004_01.h5
1902108,1902112,48.7702522277832,-18.930166244506836,126.512245,5.84046,20.850739,5.076161,943,gt1l,processed_ATL08_20181129100805_09430114_004_01.h5
1902113,1902117,48.7701530456543,-18.92926788330078,133.43968,1.9115313,14.179611,2.478911,943,gt1l,processed_ATL08_20181129100805_09430114_004_01.h5
1902118,1902122,48.770050048828125,-18.928367614746094,137.92355,1.0393357,14.863876,1.4314574,943,gt1l,processed_ATL08_20181129100805_09430114_004_01.h5
1902123,1902127,48.76995086669922,-18.92746925354004,145.4637,0.9533471,12.852219,1.2600672,943,gt1l,processed_ATL08_20181129100805_09430114_004_01.h5
1902128,1902132,48.76985168457031,-18.92656898498535,145.99055,2.9296145,11.830734,3.4984539,943,gt1l,processed_ATL08_20181129100805_09430114_004_01.h5
1902133,1902137,48.769752502441406,-18.925668716430664,148.04059,,13.433807,,943,gt1l,processed_ATL08_20181129100805_09430114_004_01.h5
1902138,1902142,48.769649505615234,-18.92477035522461,151.19028,,27.906677,,943,gt1l,processed_ATL08_20181129100805_09430114_004_01.h5
1902143,1902147,48.76954650878906,-18.923870086669922,142.59865,2.9913905,31.483948,3.2354147,943,gt1l,processed_ATL08_20181129100805_09430114_004_01.h5
1902148,1902152,48.769447326660156,-18.922971725463867,160.73566,,32.571564,,943,gt1l,processed_ATL08_20181129100805_09430114_004_01.h5
1902153,1902157,48.76934814453125,-18.92207145690918,192.99773,,37.91899,,943,gt1l,processed_ATL08_20181129100805_09430114_004_01.h5
1902158,1902162,48.769248962402344,-18.921173095703125,215.3746,,29.06839,,943,gt1l,processed_ATL08_20181129100805_09430114_004_01.h5
1902163,1902167,48.76914596557617,-18.920272827148438,196.23909,,37.74893,,943,gt1l,processed_ATL08_20181129100805_09430114_004_01.h5
1902168,1902172,48.769046783447266,-18.919374465942383,204.01866,,39.056488,,943,gt1l,processed_ATL08_20181129100805_09430114_004_01.h5
1902208,1902212,48.76824188232422,-18.91217803955078,214.17543,,34.535675,,943,gt1l,processed_ATL08_20181129100805_09430114_004_01.h5
1902213,1902217,48.76814270019531,-18.911279678344727,239.04224,59.019573,29.21605,19.675785,943,gt1l,processed_ATL08_20181129100805_09430114_004_01.h5
1902218,1902222,48.76803970336914,-18.910381317138672,240.0403,,35.0748,,943,gt1l,processed_ATL08_20181129100805_09430114_004_01.h5
1902233,1902237,48.76774215698242,-18.907682418823242,193.09201,,31.685028,,943,gt1l,processed_ATL08_20181129100805_09430114_004_01.h5
1902238,1902242,48.76763916015625,-18.906782150268555,201.60907,,34.79042,,943,gt1l,processed_ATL08_20181129100805_09430114_004_01.h5
1902298,1902302,48.766448974609375,-18.89598846435547,202.10648,,30.955307,,943,gt1l,processed_ATL08_20181129100805_09430114_004_01.h5
1902303,1902306,48.76634979248047,-18.89508819580078,194.21283,32.905308,31.302094,13.393503,943,gt1l,processed_ATL08_20181129100805_09430114_004_01.h5
1902313,1902317,48.76615524291992,-18.89328956604004,181.39174,,22.81923,,943,gt1l,processed_ATL08_20181129100805_09430114_004_01.h5
1902318,1902322,48.766056060791016,-18.89238929748535,172.17986,28.964437,22.148193,13.611169,943,gt1l,processed_ATL08_20181129100805_09430114_004_01.h5
1902323,1902327,48.765953063964844,-18.891490936279297,154.14763,10.13746,19.266281,2.7264369,943,gt1l,processed_ATL08_20181129100805_09430114_004_01.h5
1902328,1902332,48.76585388183594,-18.89059066772461,157.26149,,19.130905,,943,gt1l,processed_ATL08_20181129100805_09430114_004_01.h5
1902333,1902337,48.76575469970703,-18.889692306518555,173.9106,28.799051,25.148956,10.949066,943,gt1l,processed_ATL08_20181129100805_09430114_004_01.h5
1902338,1902342,48.76565933227539,-18.888792037963867,183.76405,26.50275,26.0056,14.6151705,943,gt1l,processed_ATL08_20181129100805_09430114_004_01.h5
1902343,1902347,48.76556396484375,-18.88789176940918,217.13167,24.411045,24.7025,12.977966,943,gt1l,processed_ATL08_20181129100805_09430114_004_01.h5
1902348,1902352,48.765472412109375,-18.886991500854492,249.3087,,29.2677,,943,gt1l,processed_ATL08_20181129100805_09430114_004_01.h5
1902353,1902357,48.76537322998047,-18.886093139648438,277.32062,,26.616425,,943,gt1l,processed_ATL08_20181129100805_09430114_004_01.h5
1902358,1902362,48.76527404785156,-18.88519287109375,309.72,52.213104,29.769714,32.896866,943,gt1l,processed_ATL08_20181129100805_09430114_004_01.h5
1902363,1902367,48.76517868041992,-18.884292602539062,353.68423,44.866722,32.139618,24.91208,943,gt1l,processed_ATL08_20181129100805_09430114_004_01.h5
1902368,1902372,48.76508331298828,-18.883392333984375,397.86316,,26.151154,,943,gt1l,processed_ATL08_20181129100805_09430114_004_01.h5
1902373,1902377,48.764984130859375,-18.88249397277832,389.5364,,23.941559,,943,gt1l,processed_ATL08_20181129100805_09430114_004_01.h5
1902378,1902382,48.764888763427734,-18.881593704223633,381.86353,,30.630676,,943,gt1l,processed_ATL08_20181129100805_09430114_004_01.h5
1902383,1902387,48.764793395996094,-18.880693435668945,360.82303,30.039877,29.128479,21.896103,943,gt1l,processed_ATL08_20181129100805_09430114_004_01.h5
1902388,1902392,48.76469802856445,-18.879793167114258,394.89835,56.167206,26.59909,25.0019,943,gt1l,processed_ATL08_20181129100805_09430114_004_01.h5
1902393,1902397,48.76460266113281,-18.878894805908203,384.45105,48.64061,26.901947,21.599895,943,gt1l,processed_ATL08_20181129100805_09430114_004_01.h5
1902398,1902402,48.76450729370117,-18.877994537353516,404.49744,101.16752,17.774231,38.85766,943,gt1l,processed_ATL08_20181129100805_09430114_004_01.h5
1902403,1902407,48.764408111572266,-18.877094268798828,412.74277,,17.463104,,943,gt1l,processed_ATL08_20181129100805_09430114_004_01.h5
1902408,1902412,48.764312744140625,-18.87619400024414,424.52856,9.227885,9.304169,7.1937046,943,gt1l,processed_ATL08_20181129100805_09430114_004_01.h5
1902413,1902417,48.76422119140625,-18.875295639038086,441.84302,36.990208,20.533173,20.539146,943,gt1l,processed_ATL08_20181129100805_09430114_004_01.h5
1902418,1902422,48.76412582397461,-18.8743953704834,485.07895,37.440907,17.96167,31.751314,943,gt1l,processed_ATL08_20181129100805_09430114_004_01.h5
1902423,1902427,48.7640266418457,-18.87349510192871,512.144,,23.574036,,943,gt1l,processed_ATL08_20181129100805_09430114_004_01.h5
1902428,1902432,48.76393508911133,-18.872594833374023,529.4721,87.85642,19.512695,37.967113,943,gt1l,processed_ATL08_20181129100805_09430114_004_01.h5
1902433,1902437,48.76384353637695,-18.871694564819336,534.1241,,22.060242,,943,gt1l,processed_ATL08_20181129100805_09430114_004_01.h5
1902438,1902442,48.76374435424805,-18.87079429626465,522.7853,,18.570557,,943,gt1l,processed_ATL08_20181129100805_09430114_004_01.h5
1902443,1902447,48.763648986816406,-18.869895935058594,510.44766,,17.024017,,943,gt1l,processed_ATL08_20181129100805_09430114_004_01.h5
1902448,1902452,48.76355743408203,-18.868995666503906,499.42606,4.663444,14.187347,5.744486,943,gt1l,processed_ATL08_20181129100805_09430114_004_01.h5
1902522,1902526,48.76218795776367,-18.85567283630371,480.95993,,23.131256,,943,gt1l,processed_ATL08_20181129100805_09430114_004_01.h5
1902527,1902531,48.7620964050293,-18.854772567749023,490.70056,,17.077515,,943,gt1l,processed_ATL08_20181129100805_09430114_004_01.h5
1902532,1902536,48.76200485229492,-18.853872299194336,464.1905,,20.617615,,943,gt1l,processed_ATL08_20181129100805_09430114_004_01.h5
1902542,1902546,48.76182174682617,-18.85207176208496,495.4197,54.937416,20.955017,26.32853,943,gt1l,processed_ATL08_20181129100805_09430114_004_01.h5
1902547,1902551,48.7617301940918,-18.851171493530273,466.9853,,25.822876,,943,gt1l,processed_ATL08_20181129100805_09430114_004_01.h5
1902552,1902556,48.76163864135742,-18.850271224975586,416.38574,51.777893,24.418701,26.108786,943,gt1l,processed_ATL08_20181129100805_09430114_004_01.h5
1902557,1902561,48.76155090332031,-18.8493709564209,383.33905,,26.890442,,943,gt1l,processed_ATL08_20181129100805_09430114_004_01.h5
1902562,1902566,48.76145935058594,-18.84847068786621,359.7083,2.8758066,14.618103,3.6938915,943,gt1l,processed_ATL08_20181129100805_09430114_004_01.h5
1902567,1902571,48.76136779785156,-18.847570419311523,360.7658,4.892074,12.927948,6.92924,943,gt1l,processed_ATL08_20181129100805_09430114_004_01.h5
1902572,1902576,48.76128005981445,-18.846670150756836,402.96002,,19.485626,,943,gt1l,processed_ATL08_20181129100805_09430114_004_01.h5
1902577,1902581,48.761192321777344,-18.84576988220215,422.51428,83.03349,25.691711,23.3633,943,gt1l,processed_ATL08_20181129100805_09430114_004_01.h5
1902582,1902586,48.76110076904297,-18.84486961364746,412.00522,68.48592,20.190765,34.977154,943,gt1l,processed_ATL08_20181129100805_09430114_004_01.h5
1902587,1902591,48.761009216308594,-18.843969345092773,373.4904,28.637957,18.17038,25.64631,943,gt1l,processed_ATL08_20181129100805_09430114_004_01.h5
1902592,1902596,48.760921478271484,-18.843069076538086,377.9344,20.02327,21.16623,16.609179,943,gt1l,processed_ATL08_20181129100805_09430114_004_01.h5
1902597,1902601,48.76082992553711,-18.842166900634766,395.32272,30.55195,17.064758,18.971457,943,gt1l,processed_ATL08_20181129100805_09430114_004_01.h5
1902602,1902606,48.7607421875,-18.841266632080078,406.2179,17.694307,16.095856,14.252726,943,gt1l,processed_ATL08_20181129100805_09430114_004_01.h5
1902607,1902611,48.76065444946289,-18.84036636352539,421.28595,,17.802826,,943,gt1l,processed_ATL08_20181129100805_09430114_004_01.h5
1902612,1902616,48.76057052612305,-18.839466094970703,442.85486,73.924736,15.86084,15.456668,943,gt1l,processed_ATL08_20181129100805_09430114_004_01.h5
1902617,1902621,48.7604866027832,-18.838565826416016,466.69772,46.517193,15.293396,21.435167,943,gt1l,processed_ATL08_20181129100805_09430114_004_01.h5
1902622,1902626,48.76039505004883,-18.837663650512695,464.00024,,17.642426,,943,gt1l,processed_ATL08_20181129100805_09430114_004_01.h5
1902627,1902631,48.76030349731445,-18.836763381958008,463.433,92.656494,21.09668,66.958755,943,gt1l,processed_ATL08_20181129100805_09430114_004_01.h5
1902632,1902636,48.76021957397461,-18.83586311340332,465.18906,77.31362,25.612396,33.561993,943,gt1l,processed_ATL08_20181129100805_09430114_004_01.h5
1902637,1902641,48.7601318359375,-18.834962844848633,466.46826,93.332695,17.343079,37.25136,943,gt1l,processed_ATL08_20181129100805_09430114_004_01.h5
1902642,1902646,48.76004409790039,-18.834062576293945,465.99692,25.909048,29.504608,21.68535,943,gt1l,processed_ATL08_20181129100805_09430114_004_01.h5
1902652,1902656,48.75986862182617,-18.83226203918457,435.23843,72.36894,14.532318,20.695843,943,gt1l,processed_ATL08_20181129100805_09430114_004_01.h5
1902657,1902661,48.7597770690918,-18.83135986328125,420.81592,,10.223999,,943,gt1l,processed_ATL08_20181129100805_09430114_004_01.h5
1902662,1902666,48.75968933105469,-18.830459594726562,400.22916,1.5110351,12.544067,2.1017687,943,gt1l,processed_ATL08_20181129100805_09430114_004_01.h5
1902667,1902671,48.75960159301758,-18.829559326171875,392.3326,0.9884981,11.519623,1.3896933,943,gt1l,processed_ATL08_20181129100805_09430114_004_01.h5
1902672,1902676,48.75951385498047,-18.828659057617188,382.9816,3.1407778,15.711121,4.1751537,943,gt1l,processed_ATL08_20181129100805_09430114_004_01.h5
1902677,1902681,48.75942611694336,-18.8277587890625,392.9318,,18.642242,,943,gt1l,processed_ATL08_20181129100805_09430114_004_01.h5
1902682,1902686,48.75933837890625,-18.826858520507812,366.78503,52.34741,16.562897,35.17305,943,gt1l,processed_ATL08_20181129100805_09430114_004_01.h5
1902687,1902691,48.759254455566406,-18.825956344604492,351.9538,27.307545,21.909027,18.328978,943,gt1l,processed_ATL08_20181129100805_09430114_004_01.h5
1902692,1902696,48.75917053222656,-18.825056076049805,373.4474,10.316857,18.67038,11.281868,943,gt1l,processed_ATL08_20181129100805_09430114_004_01.h5
1902697,1902701,48.75908279418945,-18.824155807495117,403.97067,,21.236725,,943,gt1l,processed_ATL08_20181129100805_09430114_004_01.h5
1902703,1902706,48.758995056152344,-18.823253631591797,415.9383,,21.252106,,943,gt1l,processed_ATL08_20181129100805_09430114_004_01.h5
1902707,1902711,48.7589111328125,-18.82235336303711,407.16953,,18.105225,,943,gt1l,processed_ATL08_20181129100805_09430114_004_01.h5
1902712,1902716,48.758819580078125,-18.821453094482422,405.77103,67.108,20.137756,25.391722,943,gt1l,processed_ATL08_20181129100805_09430114_004_01.h5
1902717,1902721,48.75873565673828,-18.820552825927734,383.23538,38.736473,23.800385,24.334309,943,gt1l,processed_ATL08_20181129100805_09430114_004_01.h5
1902722,1902726,48.75864791870117,-18.819652557373047,388.15955,,20.72995,,943,gt1l,processed_ATL08_20181129100805_09430114_004_01.h5
1902727,1902731,48.75856018066406,-18.818750381469727,376.94983,,19.461853,,943,gt1l,processed_ATL08_20181129100805_09430114_004_01.h5
1902732,1902736,48.75847244262695,-18.81785011291504,415.32184,,21.212524,,943,gt1l,processed_ATL08_20181129100805_09430114_004_01.h5
1902737,1902741,48.75838851928711,-18.81694984436035,398.04633,,23.188599,,943,gt1l,processed_ATL08_20181129100805_09430114_004_01.h5
1902742,1902745,48.758304595947266,-18.816049575805664,344.76688,70.39975,26.436462,39.048374,943,gt1l,processed_ATL08_20181129100805_09430114_004_01.h5
1902747,1902751,48.758216857910156,-18.815147399902344,334.07904,,15.038757,,943,gt1l,processed_ATL08_20181129100805_09430114_004_01.h5
1902752,1902756,48.75813293457031,-18.814247131347656,338.21716,48.040764,14.619934,22.041325,943,gt1l,processed_ATL08_20181129100805_09430114_004_01.h5
1902757,1902761,48.7580451965332,-18.81334686279297,348.776,23.235065,16.748627,17.891655,943,gt1l,processed_ATL08_20181129100805_09430114_004_01.h5
1902762,1902766,48.757957458496094,-18.81244659423828,357.8806,,13.11499,,943,gt1l,processed_ATL08_20181129100805_09430114_004_01.h5
1902767,1902771,48.757869720458984,-18.811546325683594,331.9805,46.718834,15.579346,26.355091,943,gt1l,processed_ATL08_20181129100805_09430114_004_01.h5
1902772,1902776,48.757781982421875,-18.810644149780273,309.13644,,16.364075,,943,gt1l,processed_ATL08_20181129100805_09430114_004_01.h5
1902777,1902781,48.757694244384766,-18.809743881225586,282.81442,28.617981,17.500702,4.1440773,943,gt1l,processed_ATL08_20181129100805_09430114_004_01.h5
1902782,1902786,48.757606506347656,-18.8088436126709,280.42633,67.280304,22.137115,26.894817,943,gt1l,processed_ATL08_20181129100805_09430114_004_01.h5
1902787,1902791,48.75751876831055,-18.80794334411621,229.07872,39.12949,17.512589,22.574175,943,gt1l,processed_ATL08_20181129100805_09430114_004_01.h5
1902792,1902796,48.7574348449707,-18.80704116821289,223.71758,,21.460663,,943,gt1l,processed_ATL08_20181129100805_09430114_004_01.h5
1902797,1902801,48.75734329223633,-18.806140899658203,208.64432,35.47128,25.74765,19.634972,943,gt1l,processed_ATL08_20181129100805_09430114_004_01.h5
1902802,1902806,48.75725555419922,-18.805240631103516,211.33789,,23.222397,,943,gt1l,processed_ATL08_20181129100805_09430114_004_01.h5
1902807,1902811,48.757171630859375,-18.804340362548828,201.8982,,23.884628,,943,gt1l,processed_ATL08_20181129100805_09430114_004_01.h5
1902812,1902816,48.757083892822266,-18.80344009399414,183.7615,5.770649,18.468155,6.0407906,943,gt1l,processed_ATL08_20181129100805_09430114_004_01.h5
1902817,1902821,48.756996154785156,-18.802539825439453,182.2032,45.651627,13.05426,20.456402,943,gt1l,processed_ATL08_20181129100805_09430114_004_01.h5
1902822,1902826,48.75690841674805,-18.801637649536133,180.3405,,13.392212,,943,gt1l,processed_ATL08_20181129100805_09430114_004_01.h5
1902827,1902831,48.75682067871094,-18.800737380981445,185.17067,3.1031928,19.68013,3.320369,943,gt1l,processed_ATL08_20181129100805_09430114_004_01.h5
1902832,1902836,48.75673294067383,-18.799837112426758,159.91254,20.642117,24.06932,12.867056,943,gt1l,processed_ATL08_20181129100805_09430114_004_01.h5
1902837,1902841,48.756649017333984,-18.79893684387207,143.56633,16.14672,19.710464,12.093145,943,gt1l,processed_ATL08_20181129100805_09430114_004_01.h5
1902847,1902851,48.75647735595703,-18.797134399414062,137.30338,,21.717865,,943,gt1l,processed_ATL08_20181129100805_09430114_004_01.h5
1902852,1902856,48.75638961791992,-18.796234130859375,144.14995,6.8521104,22.755219,6.5860004,943,gt1l,processed_ATL08_20181129100805_09430114_004_01.h5
1902857,1902861,48.75630187988281,-18.795333862304688,172.87053,,15.848709,,943,gt1l,processed_ATL08_20181129100805_09430114_004_01.h5
1902862,1902866,48.7562141418457,-18.79443359375,169.02397,15.411993,14.504822,11.8156395,943,gt1l,processed_ATL08_20181129100805_09430114_004_01.h5
1902867,1902871,48.756126403808594,-18.79353141784668,172.2489,,18.167648,,943,gt1l,processed_ATL08_20181129100805_09430114_004_01.h5
1902872,1902876,48.756038665771484,-18.792631149291992,154.44879,,15.145218,,943,gt1l,processed_ATL08_20181129100805_09430114_004_01.h5
1902877,1902881,48.755950927734375,-18.791730880737305,146.50468,14.654248,11.99614,9.753686,943,gt1l,processed_ATL08_20181129100805_09430114_004_01.h5
1902882,1902886,48.755859375,-18.790830612182617,167.26569,,18.318253,,943,gt1l,processed_ATL08_20181129100805_09430114_004_01.h5
1902887,1902891,48.75577163696289,-18.78993034362793,144.90419,,16.912292,,943,gt1l,processed_ATL08_20181129100805_09430114_004_01.h5
1902892,1902896,48.75568389892578,-18.789030075073242,135.93149,,17.75299,,943,gt1l,processed_ATL08_20181129100805_09430114_004_01.h5
1902897,1902901,48.75559616088867,-18.788129806518555,138.69778,16.455227,21.414398,6.127702,943,gt1l,processed_ATL08_20181129100805_09430114_004_01.h5
1902902,1902906,48.7555046081543,-18.787227630615234,94.77778,,23.148697,,943,gt1l,processed_ATL08_20181129100805_09430114_004_01.h5
1902907,1902911,48.75541687011719,-18.786327362060547,109.63518,,16.137444,,943,gt1l,processed_ATL08_20181129100805_09430114_004_01.h5
1902912,1902916,48.75532531738281,-18.78542709350586,115.06772,,23.600227,,943,gt1l,processed_ATL08_20181129100805_09430114_004_01.h5
1902917,1902921,48.7552375793457,-18.784526824951172,82.732506,9.201319,21.631706,8.268574,943,gt1l,processed_ATL08_20181129100805_09430114_004_01.h5
1902922,1902926,48.755149841308594,-18.783626556396484,60.14807,0.4293681,23.543755,0.70142025,943,gt1l,processed_ATL08_20181129100805_09430114_004_01.h5
1902927,1902931,48.755062103271484,-18.782726287841797,59.24275,0.21002215,20.221596,0.33256835,943,gt1l,processed_ATL08_20181129100805_09430114_004_01.h5
1902932,1902936,48.75497055053711,-18.78182601928711,104.92975,,22.691727,,943,gt1l,processed_ATL08_20181129100805_09430114_004_01.h5
1902937,1902941,48.754878997802734,-18.780925750732422,112.578156,16.347252,16.480804,8.162664,943,gt1l,processed_ATL08_20181129100805_09430114_004_01.h5
1902942,1902946,48.75478744506836,-18.780025482177734,123.237854,,18.4347,,943,gt1l,processed_ATL08_20181129100805_09430114_004_01.h5
1902947,1902951,48.75469970703125,-18.779125213623047,113.14786,,13.787231,,943,gt1l,processed_ATL08_20181129100805_09430114_004_01.h5
1902962,1902966,48.75442123413086,-18.776424407958984,191.67885,,20.073029,,943,gt1l,processed_ATL08_20181129100805_09430114_004_01.h5
1902967,1902971,48.754329681396484,-18.775524139404297,193.71228,,18.566391,,943,gt1l,processed_ATL08_20181129100805_09430114_004_01.h5
1902972,1902976,48.754241943359375,-18.77462387084961,201.34006,33.14355,16.160843,13.341065,943,gt1l,processed_ATL08_20181129100805_09430114_004_01.h5
1902977,1902981,48.754150390625,-18.773723602294922,209.67062,4.3592944,16.958862,2.322508,943,gt1l,processed_ATL08_20181129100805_09430114_004_01.h5
1902982,1902986,48.754058837890625,-18.772823333740234,226.48349,,15.56636,,943,gt1l,processed_ATL08_20181129100805_09430114_004_01.h5
1902987,1902991,48.75396728515625,-18.771923065185547,226.03659,32.000954,16.766129,12.066862,943,gt1l,processed_ATL08_20181129100805_09430114_004_01.h5
1902992,1902996,48.75387191772461,-18.77102279663086,205.79742,17.008816,17.232224,15.028608,943,gt1l,processed_ATL08_20181129100805_09430114_004_01.h5
1902997,1903001,48.753780364990234,-18.770122528076172,181.76274,,20.846054,,943,gt1l,processed_ATL08_20181129100805_09430114_004_01.h5
1903002,1903006,48.75368881225586,-18.769222259521484,161.64215,18.169624,17.783157,10.959797,943,gt1l,processed_ATL08_20181129100805_09430114_004_01.h5
1903007,1903011,48.753597259521484,-18.768321990966797,151.29042,14.223481,15.602112,9.8392935,943,gt1l,processed_ATL08_20181129100805_09430114_004_01.h5
1903012,1903016,48.75350570678711,-18.76742172241211,152.79967,,17.70604,,943,gt1l,processed_ATL08_20181129100805_09430114_004_01.h5
1903017,1903020,48.753414154052734,-18.766521453857422,146.5597,37.009354,16.92926,9.100485,943,gt1l,processed_ATL08_20181129100805_09430114_004_01.h5
1903022,1903026,48.753318786621094,-18.765621185302734,135.44862,19.115862,13.595993,12.378109,943,gt1l,processed_ATL08_20181129100805_09430114_004_01.h5
1903027,1903031,48.75322341918945,-18.764720916748047,133.4699,14.425563,21.20227,7.3269687,943,gt1l,processed_ATL08_20181129100805_09430114_004_01.h5
1903032,1903036,48.75312423706055,-18.763822555541992,128.4071,9.751936,16.84436,8.280118,943,gt1l,processed_ATL08_20181129100805_09430114_004_01.h5
1903037,1903041,48.75303268432617,-18.762922286987305,100.653366,14.167452,20.550598,7.3088684,943,gt1l,processed_ATL08_20181129100805_09430114_004_01.h5
1903042,1903046,48.7529411315918,-18.762022018432617,79.61644,5.744311,18.759941,3.997392,943,gt1l,processed_ATL08_20181129100805_09430114_004_01.h5
1903047,1903051,48.752845764160156,-18.76112174987793,71.05454,0.3000297,13.439491,0.43121153,943,gt1l,processed_ATL08_20181129100805_09430114_004_01.h5
1903052,1903056,48.752750396728516,-18.760221481323242,92.03999,,16.85859,,943,gt1l,processed_ATL08_20181129100805_09430114_004_01.h5
1903057,1903061,48.752655029296875,-18.759321212768555,90.8855,13.241801,22.703766,4.870732,943,gt1l,processed_ATL08_20181129100805_09430114_004_01.h5
1903062,1903066,48.752559661865234,-18.7584228515625,104.92971,21.305723,18.1736,7.599357,943,gt1l,processed_ATL08_20181129100805_09430114_004_01.h5
1903067,1903071,48.75246047973633,-18.757522583007812,127.706764,,13.919884,,943,gt1l,processed_ATL08_20181129100805_09430114_004_01.h5
1903072,1903076,48.75236892700195,-18.756622314453125,124.65525,21.970491,22.094727,12.748434,943,gt1l,processed_ATL08_20181129100805_09430114_004_01.h5
1903077,1903081,48.75226974487305,-18.755722045898438,158.40549,,21.98204,,943,gt1l,processed_ATL08_20181129100805_09430114_004_01.h5
1903082,1903086,48.75217056274414,-18.754823684692383,174.30902,,27.538864,,943,gt1l,processed_ATL08_20181129100805_09430114_004_01.h5
1903087,1903091,48.752079010009766,-18.753923416137695,207.87541,28.588863,21.554916,17.78964,943,gt1l,processed_ATL08_20181129100805_09430114_004_01.h5
1903092,1903096,48.75198745727539,-18.753023147583008,221.04279,55.262688,14.919067,20.121588,943,gt1l,processed_ATL08_20181129100805_09430114_004_01.h5
1903097,1903101,48.751888275146484,-18.75212287902832,222.5764,,17.66896,,943,gt1l,processed_ATL08_20181129100805_09430114_004_01.h5
1903102,1903106,48.751792907714844,-18.751224517822266,212.42046,17.507975,15.86055,15.364264,943,gt1l,processed_ATL08_20181129100805_09430114_004_01.h5
1903107,1903111,48.75169372558594,-18.750324249267578,198.99048,16.822931,11.1861725,10.724523,943,gt1l,processed_ATL08_20181129100805_09430114_004_01.h5
1903112,1903116,48.75159454345703,-18.74942398071289,185.32932,15.549331,12.039703,12.892029,943,gt1l,processed_ATL08_20181129100805_09430114_004_01.h5
1903117,1903121,48.75149917602539,-18.748523712158203,171.66257,41.653973,11.851013,22.502325,943,gt1l,processed_ATL08_20181129100805_09430114_004_01.h5
1903127,1903131,48.751304626464844,-18.74672508239746,150.94489,6.358522,14.915741,4.826972,943,gt1l,processed_ATL08_20181129100805_09430114_004_01.h5
1903132,1903136,48.75120544433594,-18.745824813842773,164.3722,27.110878,13.686295,10.440652,943,gt1l,processed_ATL08_20181129100805_09430114_004_01.h5
1903137,1903141,48.75110626220703,-18.74492645263672,174.69778,18.061314,15.152542,10.4300375,943,gt1l,processed_ATL08_20181129100805_09430114_004_01.h5
1903142,1903146,48.75101089477539,-18.74402618408203,206.85216,16.810904,12.874207,9.563112,943,gt1l,processed_ATL08_20181129100805_09430114_004_01.h5
1903147,1903151,48.75091552734375,-18.743125915527344,204.92491,51.09989,11.460709,18.48488,943,gt1l,processed_ATL08_20181129100805_09430114_004_01.h5
1903152,1903156,48.750816345214844,-18.742225646972656,188.5522,23.758362,15.05246,8.36166,943,gt1l,processed_ATL08_20181129100805_09430114_004_01.h5
1903157,1903161,48.75071334838867,-18.7413272857666,196.91791,27.756512,19.989105,13.16105,943,gt1l,processed_ATL08_20181129100805_09430114_004_01.h5
1903162,1903166,48.750614166259766,-18.740427017211914,212.1255,20.988445,18.361053,13.47829,943,gt1l,processed_ATL08_20181129100805_09430114_004_01.h5
1903167,1903171,48.750518798828125,-18.73952865600586,229.00056,8.713276,17.594055,7.556563,943,gt1l,processed_ATL08_20181129100805_09430114_004_01.h5
1903172,1903176,48.750423431396484,-18.738628387451172,260.06918,20.077782,13.1763,13.95825,943,gt1l,processed_ATL08_20181129100805_09430114_004_01.h5
1903177,1903181,48.75032424926758,-18.737728118896484,278.24533,,17.567139,,943,gt1l,processed_ATL08_20181129100805_09430114_004_01.h5
1903182,1903186,48.750221252441406,-18.73682975769043,251.64764,37.060356,21.985214,17.7639,943,gt1l,processed_ATL08_20181129100805_09430114_004_01.h5
1903187,1903191,48.750125885009766,-18.735929489135742,239.67232,40.316692,21.371399,25.290058,943,gt1l,processed_ATL08_20181129100805_09430114_004_01.h5
1903192,1903196,48.75002670288086,-18.735029220581055,228.54575,15.689726,25.507355,11.116855,943,gt1l,processed_ATL08_20181129100805_09430114_004_01.h5
1903197,1903201,48.74992370605469,-18.734130859375,220.85867,,21.145767,,943,gt1l,processed_ATL08_20181129100805_09430114_004_01.h5
1903202,1903206,48.74982452392578,-18.733230590820312,216.52692,,21.960419,,943,gt1l,processed_ATL08_20181129100805_09430114_004_01.h5
1903207,1903211,48.749725341796875,-18.732332229614258,215.64235,,32.316986,,943,gt1l,processed_ATL08_20181129100805_09430114_004_01.h5
1903212,1903216,48.749629974365234,-18.73143196105957,194.63637,3.9897666,25.57785,4.9974627,943,gt1l,processed_ATL08_20181129100805_09430114_004_01.h5
1903217,1903221,48.74953079223633,-18.730531692504883,200.9756,0.90938604,23.35048,1.2517357,943,gt1l,processed_ATL08_20181129100805_09430114_004_01.h5
1903222,1903226,48.74942398071289,-18.729633331298828,197.49188,3.4161394,22.762909,4.3878655,943,gt1l,processed_ATL08_20181129100805_09430114_004_01.h5
1903227,1903231,48.749324798583984,-18.72873306274414,217.35617,,26.467194,,943,gt1l,processed_ATL08_20181129100805_09430114_004_01.h5
1903232,1903236,48.749229431152344,-18.727834701538086,249.0217,,24.79805,,943,gt1l,processed_ATL08_20181129100805_09430114_004_01.h5
1903237,1903241,48.74913024902344,-18.7269344329834,233.8786,2.3478324,26.001434,3.1114337,943,gt1l,processed_ATL08_20181129100805_09430114_004_01.h5
1903242,1903246,48.749027252197266,-18.726036071777344,247.64171,0.5937346,16.011475,0.8419638,943,gt1l,processed_ATL08_20181129100805_09430114_004_01.h5
1903247,1903251,48.74892807006836,-18.725135803222656,263.52203,8.8019495,19.03415,10.826671,943,gt1l,processed_ATL08_20181129100805_09430114_004_01.h5
1903257,1903261,48.74873352050781,-18.723337173461914,310.1622,51.11146,21.171814,22.484524,943,gt1l,processed_ATL08_20181129100805_09430114_004_01.h5
1903262,1903266,48.74863052368164,-18.722436904907227,289.90765,35.581924,19.034393,26.166372,943,gt1l,processed_ATL08_20181129100805_09430114_004_01.h5
1903267,1903271,48.74852752685547,-18.721538543701172,284.91742,,21.112305,,943,gt1l,processed_ATL08_20181129100805_09430114_004_01.h5
1903272,1903276,48.74842834472656,-18.720638275146484,280.17584,,25.809235,,943,gt1l,processed_ATL08_20181129100805_09430114_004_01.h5
1903277,1903280,48.74832534790039,-18.71973991394043,264.41647,67.67496,25.144012,35.886616,943,gt1l,processed_ATL08_20181129100805_09430114_004_01.h5
1904063,1904067,48.733726501464844,-18.578237533569336,231.58728,4.3860893,,,943,gt1l,processed_ATL08_20181129100805_09430114_004_01.h5
1904073,1904077,48.733543395996094,-18.57643699645996,234.42412,19.512915,17.136597,16.232962,943,gt1l,processed_ATL08_20181129100805_09430114_004_01.h5
1904078,1904082,48.73345184326172,-18.575536727905273,231.24829,3.2125025,22.382126,4.039022,943,gt1l,processed_ATL08_20181129100805_09430114_004_01.h5
1904083,1904087,48.73336410522461,-18.574636459350586,227.27823,38.43726,27.989426,20.102055,943,gt1l,processed_ATL08_20181129100805_09430114_004_01.h5
1904098,1904102,48.733097076416016,-18.57193374633789,260.45007,,28.621674,,943,gt1l,processed_ATL08_20181129100805_09430114_004_01.h5
1904113,1904117,48.732826232910156,-18.569232940673828,303.15988,,35.53232,,943,gt1l,processed_ATL08_20181129100805_09430114_004_01.h5
1904118,1904122,48.73273468017578,-18.56833267211914,311.03485,,34.952026,,943,gt1l,processed_ATL08_20181129100805_09430114_004_01.h5
1904123,1904127,48.73264694213867,-18.567432403564453,316.68323,,31.366333,,943,gt1l,processed_ATL08_20181129100805_09430114_004_01.h5
1904128,1904132,48.7325553894043,-18.566532135009766,329.71774,,32.53833,,943,gt1l,processed_ATL08_20181129100805_09430114_004_01.h5
